

--- ERROR ENTRY: data/txt/publimetro/2015/06/publimetro_08.txt ---

```json
[
    {
        "headline": "Juvenil asume su responsabilidad por el accidente",
        "content": "juvenil asumi\nsu responsabilidad por el \naccidente que ocurri cuando\nembisti su vehculo contra\nel de un paparazzi que \nintentaba tomar fotos de l y\nsu exnova Selena Gmez en\nStratford, Ontario.\n\nEl abogado del cantante\ninform que su patrocinado\ntendr que pagar una multa\n\nPatrn problemtico\n\n* — Una joyita. Hace unas\nsemanas, la polica italiana\ninterrog a Bieber por un\naltercado con unos guardas\nde seguridad en Roma. A\neso hay que aadir otras\ncondenas por manejar bajo\nlos efectos de sustancias\ntxicas, acusaciones de\nrobo y de agresin a sus\nvecinos, de las que el \nartista siempre ha sabido salir\nbien librado.\n\nde US$750 mil, pues el \ntribunal desestim los cargos\nde conduccin temeraria, \nsegún inform la cadena CBC\nNews. Además, también fue\ndesestimada la acusación de\nagresión física que interpuso\nel reportero gráfico contra\nBieber\n\nSegún la revista People, al\nfinal de la audiencia, la jueza\nKathryn McKerlie le dijo a\nBieber: \"La lección de todo\nesto es pensar antes de \nactuar. Todos en esta vida, sin\nimportar quiénes — seamos,\nenfrentamos situaciones \ncílicas, decepcionantes e \ninasperadas\".\n\nBieber no estuvo presente\nde manera física durante la\naudiencia, pero participó de\nella a través de Skype desde\nEstados Unidos."
    },
    {
        "headline": "Ben Affleck nos saluda",
        "content": "El actor estadounidense Josh Duhamel (42), protagonista de películas como Transformers (2007), Safe Haven (2013), Movie 43 (2013), y esposo de la cantante Fergie, salud ayer a través de su Facebook a todos los peruanos por el Día de la Bandera.\n\n\"Feliz Día de la Bandera\", escribi Duhamel, junto a una foto de nuestro símbolo patrio."
    },
    {
        "headline": "Se necesita Ejecutivo Técnico Comercial",
        "content": "Requisitos:\n\n+ — Indispensable estudios técnicos concluidos y/u universitarios truncos.\nEspecialidad: Arquitectura Técnica, Ingeniería Civil o afines.\nExperiencia mínima de 02 años en el área comercial.\n\nIndispensable contar con brevete AL\nContar con cartera de clientes propia.\nManejo de inglés técnico.\nConocimiento de SAP y/o ERP.\n\nFunciones:\n\nIdentificación de cliente potenciales.\nRealizar visitas comerciales.\nElaboración de cotizaciones y propuestas económicas a clientes,\nLograr las metas trazadas por la organización,\nDesarrollar y proponer mejoras enfocadas a incrementar la rentabilidad y productividad de la empresa.\nRealizar análisis y estudios de mercado para conocer las acciones de la competencia,\nDetectar nuevas oportunidades de negocio.\n\nBeneficios:\n\nIngreso a planilla desde el primer día de trabajo.\nOportunidad de pertenecer a una empresa transnacional y líder en su rubro.\nGrato ambiente laboral.\nPosibilidad de desarrollo personal y profesional.\nAtractiva estructura salarial y beneficios adicionales.\n\nLos profesionales interesados que cumplan con el perfil solicitado, deberán postular a través de la página web de APTTUS: www.aptitus.com indicando el código de la convocatoria,\nPostula: wwwaptitus.com 10542316"
    },
    {
        "headline": "La improvisación literaria en ‘Número Cero’",
        "content": "Nueva edición de LuchaLibro parodia Un] l jerto\nsobre el perlodismo, L60 para quienes gerencian\nsus nfulas  grupos de personas.\n\nAyer se abrió la convocatoria, va hasta el 7 de julio. Las batallas se iniciarán el 7 de septiembre.\n\nSi tu fuerte es escribir, eres ágil de mente, eres mayor de edad y no has publicado ningún libro, no dejes pasar esta oportunidad. Ayer se abrió la convocatoria, va hasta el 7 de julio. Las batallas se iniciarán el 7 de septiembre.\n\nComo en sus anteriores ediciones, la mecánica del concurso consiste en que los escritores/luchadores se midan cara a cara en un cuadrangular. Durante las batallas, los participantes ocultan su identidad tras una máscara de lucha libre, de la cual se despojan si es que pierden la batalla."
    },
    {
        "headline": "¿Cómo jugar?",
        "content": "Introducir un nuevo estudio\n\nLo más visto en www.publimetro.pe\n\n*Bart Simpson\n\nEn el Festival ATX de Austin, Texas, Al Jean, productor ejecutivo de Los Simpson, adelantó que esta temporada Bob Patiño por fin lograr el objetivo que persigui durante tantos capítulos: matar a Bart Simpson. Sin embargo, que no se preocupen los fanáticos de la serie: solo será por el capítulo especial de Halloween. Luego, Bart seguir apareciendo con sus aventuras y ocurrencias."
    },
    {
        "headline": "Astrología Canadiense Eugenia Last",
        "content": "Tauro 121 de abril21 de mayo.\nTu amabilidad y generosidad te darán reconocimiento y atraparán a la gente interesada por tus planes y proyectos. Únete con quien comparta tus ideales. No cambies si no estás listo.\n\nGeminis 22 de mayo—20 de junio, Un compañero tratará de llevarse el crédito por tu trabajo. No dejes que las emociones se salgan de control y te hagan quedar mal. Sé diplomático.\n\nCáncer 21 de junio22 de julio, El crecimiento y conocimiento que obtengas cubrirá cualquier molestia que sientas. Evita rumores o compartir tus verdaderos sentimientos. Sé creativo.\n\nLeo 23 de julio—22 de agosto. Los cambios de estilo de vida pueden concretarse si eres rápido para entrar en acción. Ayuda a quien enfrenta un dilema y serás compensado por tu atención.\n\nVirgo 23 de agosto—22 de septiembre. Alerta, no todos planean lo mejor para ti. Habla en tu propio nombre y no delegues tus responsabilidades a terceros.\n\nLibra 23 de septiembre—22 de octubre. Puedes progresar si eres detallista. Implementa tus ideas en el trabajo y das qué hablar. Los intereses en común te acercarán a alguien importante.\n\nEscorpión 23 de octubre21 de noviembre. Explora nuevas técnicas que puedan ayudarte a vivir mejor. Investiga por cuenta propia y evitarás decepciones. No cometas excesos.\n\nSagitario 22 de noviembre—21 de diciembre. La oportunidad llama, pero piensa qué es necesario y qué no. Prosperarás si sigues tu propio camino e inviertes en tus ideas en vez de contribuir con la agenda de terceros.\n\nCapricornio 22 de diciembre—20 de enero. Conseguirás información valiosa respecto de una oportunidad de asociarte. Comparte alguna de tus ideas, pero reserva lo mejor hasta negociar un trato que valga la pena.\n\nAcuario 21 de enero—18 de febrero. Podrás hacer mejoras en casa, ajustes en tu tiempo y cambios en la forma de ganar y ahorrar. Tendrás más disciplina y si sigues hasta el final, las ganancias reducirán tu estrés y mejorarán tu calidad de vida.\n\nPiscis 19 de febrero—20 de marzo. Mantén para ti tus pensamientos y trabaja solo. Alguien buscará excusas para hacerte quedar mal. Evita discusiones y atente a la verdad sin importar lo que hagan o digan los otros."
    },
    {
        "headline": "Un número reveló un poco acerca de la presión sanguínea y el consumo de sal",
        "content": "Este reveló que si no eres hipertenso y no tienes más de 60 años, la ingesta de sal no causará efectos significativos en tu presión sanguínea. Las medidas médicas no son un diagnóstico, sino que se basan en el razonamiento y la lgica. La solución anterior era: 83 2 78 9514 79 9 9 9 19254375 8 19254375 8 19254375 8 19254375 8 19254375 8 19254375 8 19254375 8 19254375 8 19254375 8 19254375 8 19254375 8 19254375 8 19254375 8 19254375 8 19254375 8 19254375 8 19254375 8 19254375 8 19254375 8 19254375 8 19254375 8 19254375 8 19254375 8 19254375 8 19254375 8 19254375 8 19254375 8 19254375 8 19254375 8 19254375 8 19254375 8 19254375 8 19254375 8 19254375 8 19254375 8 19254375 8 19254375 8 19254375 8 19254375 8 19254375 8 19254375 8 19254375 8 19254375 8 19254375 8 19254375 8 19254375 8 19254375 8 19254375 8 19254375 8 19254375 8 19254375 8 19254375 8 19254375 8 19254375 8 19254375 8 19254375 8 19254375 8 19254375 8 19254375 8 19254375 8 19254375 8 19254375 8 19254375 8 19254375 8 19254375 8 19254375 8 19254375 8 19254375 8 19254375 8 19254375 8 19254375 8 19254375 8 19254375 8 19254375 8 19254375 8 19254375 8 19254375 8 19254375 8 19254375 8 19254375 8 19254375 8 19254375 8 19254375 8 19254375 8 19254375 8 19254375 8 19254375 8 19254375 8 19254375 8 19254375 8 19254375 8 19254375 8 19254375 8 19254375 8 19254375 8 19254375 8 19254375 8 19254375 8 19254375 8 19254375 8 19254375 8 19254375 8 19254375 8 19254375 8 19254375 8 19254375 8 19254375 8 19254375 8 19254375 8 19254375 8 19254375 8 19254375 8 19254375 8 19254375 8 19254375 8 19254375 8 19254375 8 19254375 8 19254375 8 19254375 8 19254375 8 19254375 8 19254375 8 19254375 8 19254375 8 19254375 8 19254375 8 19254375 8 19254375 8 19254375 8 19254375 8 19254375 8 19254375 8 19254375 8 19254375 8 19254375 8 19254375 8 19254375 8 19254375 8 19254375 8 19254375 8 19254375 8 19254375 8 19254375 8 19254375 8 19254375 8 19254375 8 19254375 8 19254375 8 19254375 8 19254375 8 19254375 8 19254375 8 19254375 8 19254375 8 19254375 8 19254375 8 19254375 8 19254375 8 19254375 8 19254375 8 19254375 8 19254375 8 19254375 8 19254375 8 19254375 8 19254375 8 19254375 8 19254375 8 19254375 8 19254375 8 19254375 8 19254375 8 19254375 8 19254375 8 19254375 8 19254375 8 19254375 8 19254375 8 19254375 8 19254375 8 19254375 8 19254375 8 19254375 8 19254375 8 19254375 8 19254375 8 19254375 8 19254375 8 19254375 8 19254375 8 19254375 8 19254375 8 19254375 8 19254375 8 19254375 8 19254375 8 19254375 8 19254375 8 19254375 8 19254375 8 19254375 8 19254375 8 19254375 8 19254375 8 19254375 8 19254375 8 19254375 8 19254375 8 19254375 8 19254375 8 19254375 8 19254375 8 19254375 8 19254375 8 19254375 8 19254375 8 19254375 8 19254375 8 19254375 8 19254375 8 19254375 8 19254375 8 19254375 8 19254375 8 19254375 8 19254375 8 19254375 8 19254375 8 19254375 8 19254375 8 19254375 8 19254375 8 19254375 8 19254375 8 19254375 8 19254375 8 19254375 8 19254375 8 19254375 8 19254375 8 19254375 8 19254375 8 19254375 8 19254375 8 19254375 8 19254375 8 19254375 8 19254375 8 19254375 8 19254375 8 19254375 8 19254375 8 19254375 8 19254375 8 19254375 8 19254375 8 19254375 8 19254375 8 19254375 8 19254375 8 19254375 8 19254375 8 19254375 8 19254375 8 19254375 8 19254375 8 19254375 8 19254375 8 19254375 8 19254375 8 19254375 8 19254375 8 19254375 8 19254375 8 19254375 8 19254375 8 19254375 8 19254375 8 19254375 8 19254375 8 19254375 8 19254375 8 19254375 8 19254375 8 19254375 8 19254375 8 19254375 8 19254375 8 19254375 8 19254375 8 19254375 8 19254375 8 19254375 8 19254375 8 19254375 8 19254375 8 19254375 8 19254375 8 19254375 8 19254375 8 19254375 8 19254375 8 19254375 8 19254375 8 19254375 8 19254375 8 19254375 8 19254375 8 19254375 8 19254375 8 19254375 8 19254375 8 19254375 8 19254375 8 19254375 8 19254375 8 19254375 8 19254375 8 19254375 8 19254375 8 19254375 8 19254375 8 19254375 8 19254375 8 19254375 8 19254375 8 19254375 8 19254375 8 19254375 8 19254375 8 19254375 8 19254375 8 19254375 8 19254375 8 19254375 8 19254375 8 19254375 8 19254375 8 19254375 8 19254375 8 19254375 8 19254375 8 19254375 8 19254375 8 19254375 8 19254375 8 19254375 8 19254375 8 19254375 8 19254375 8 19254375 8 19254375 8 19254375 8 19254375 8 19254375 8 19254375 8 19254375 8 19254375 8 19254375 8 19254375 8 19254375 8 19254375 8 19254375 8 19254375 8 19254375 8 19254375 8 19254375 8 19254375 8 19254375 8 19254375 8 19254375 8 19254375 8 19254375 8 19254375 8 19254375 8 19254375 8 19254375 8 19254375 8 19254375 8 19254375 8 19254375 8 19254375 8 19254375 8 19254375 8 19254375 8 19254375 8 19254375 8 19254375 8 19254375 8 19254375 8 19254375 8 19254375 8 19254375 8 19254375 8 19254375 8 19254375 8 19254375 8 19254375 8 19254375 8 19254375 8 19254375 8 19254375 8 19254375 8 19254375 8 19254375 8 19254375 8 19254375 8 19254375 8 19254375 8 19254375 8 19254375 8 19254375 8 19254375 8 19254375 8 19254375 8 19254375 8 19254375 8 19254375 8 19254375 8 19254375 8 19254375 8 19254375 8 19254375 8 19254375 8 19254375 8 19254375 8 19254375 8 19254375 8 19254375 8 19254375 8 19254375 8 19254375 8 19254375 8 19254375 8 19254375 8 19254375 8 19254375 8 19254375 8 19254375 8 19254375 8 19254375 8 19254375 8 19254375 8 19254375 8 19254375 8 19254375 8 19254375 8 19254375 8 19254375 8 19254375 8 19254375 8 19254375 8 19254375 8 19254375 8 19254375 8 19254375 8 19254375 8 19254375 8 19254375 8 19254375 8 19254375 8 19254375 8 19254375 8 19254375 8 19254375 8 19254375 8 19254375 8 19254375 8 19254375 8 19254375 8 19254375 8 19254375 8 19254375 8 19254375 8 19254375 8 19254375 8 19254375 8 19254375 8 19254375 8 19254375 8 19254375 8 19254375 8 19254375 8 19254375 8 19254375 8 19254375 8 19254375 8 19254375 8 19254375 8 19254375 8 19254375 8 19254375 8 19254375 8 19254375 8 19254375 8 19254375 8 19254375 8 19254375 8 19254375 8 19254375 8 19254375 8 19254375 8 19254375 8 19254375 8 19254375 8 19254375 8 19254375 8 19254375 8 19254375 8 19254375 8 19254375 8 19254375 8 19254375 8 19254375 8 19254375 8 19254375 8 19254375 8 19254375 8 19254375 8 19254375 8 19254375 8 19254375 8 19254375 8 19254375 8 19254375 8 19254375 8 19254375 8 19254375 8 19254375 8 19254375 8 19254375 8 19254375 8 19254375 8 19254375 8 19254375 8 19254375 8 19254375 8 19254375 8 19254375 8 19254375 8 19254375 8 19254375 8 19254375 8 19254375 8 19254375 8 19254375 8 19254375 8 19254375 8 19254375 8 19254375 8 19254375 8 19254375 8 19254375 8 19254375 8 19254375 8 19254375 8 19254375 8 19254375 8 19254375 8 19254375 8 19254375 8 19254375 8 19254375 8 19254375 8 19254375 8 19254375 8 19254375 8 19254375 8 19254375 8 19254375 8 19254375 8 19254375 8 19254375 8 19254375 8 19254375 8 19254375 8 19254375 8 19254375 8 19254375 8 19254375 8 19254375 8 19254375 8 19254375 8 19254375 8 19254375 8 19254375 8 19254375 8 19254375 8 19254375 8 19254375 8 19254375 8 19254375 8 19254375 8 19254375 8 19254375 8 19254375 8 19254375 8 19254375 8 19254375 8 19254375 8 19254375 8 19254375 8 19254375 8 19254375 8 19254375 8 19254375 8 19254375 8 19254375 8 19254375 8 19254375 8 19254375 8 19254375 8 19254375 8 19254375 8 19254375 8 19254375 8 19254375 8 19254375 8 19254375 8 19254375 8 19254375 8 19254375 8 19254375 8 19254375 8 19254375 8 19254375 8 19254375 8 19254375 8 19254375 8 19254375 8 19254375 8 19254375 8 19254375 8 19254375 8 19254375 8 19254375 8 19254375 8 19254375 8 19254375 8 19254375 8 19254375 8 19254375 8 19254375 8 19254375 8 19254375 8 19254375 8 19254375 8 19254375 8 19254375 8 19254375 8 19254375 8 19254375 8 19254375 8 19254375 8 19254375 8 19254375 8 19254375 8 19254375 8 19254375 8 19254375 8 19254375 8 19254375 8 19254375 8 19254375 8 19254375 8 19254375 8 19254375 8 19254375 8 19254375 8 19254375 8 19254375 8 19254375 8 19254375 8 19254375 8 19254375 8 19254375 8 19254375 8 19254375 8 19254375 8 19254375 8 19254375 8 19254375 8 19254375 8 19254375 8 19254375 8 19254375 8 19254375 8 19254375 8 19254375 8 19254375 8 19254375 8 19254375 8 19254375 8 19254375 8 19254375 8 19254375 8 19254375 8 19254375 8 19254375 8 19254375 8 19254375 8 19254375 8 19254375 8 19254375 8 19254375 8 19254375 8 19254375 8 19254375 8 19254375 8 19254375 8 19254375 8 19254375 8 19254375 8 19254375 8 19254375 8 19254375 8 19254375 8 19254375 8 19254375 8 19254375 8 19254375 8 19254375 8 19254375 8 19254375 8 19254375 8 19254375 8 19254375 8 19254375 8 19254375 8 19254375 8 19254375 8 19254375 8 19254375 8 19254375 8 19254375 8 19254375 8 19254375 8 19254375 8 19254375 8 19254375 8 19254375 8 19254375 8 19254375 8 19254375 8 19254375 8 19254375 8 19254375 8 19254375 8 19254375 8 19254375 8 19254375 8 19254375 8 19254375 8 19254375 8 19254375 8 19254375 8 19254375 8 19254375 8 19254375 8 19254375 8 19254375 8 19254375 8 19254375 8 19254375 8 19254375 8 19254375 8 19254375 8 19254375 8 19254375 8 19254375 8 19254375 8 19254375 8 19254375 8 19254375 8 19254375 8 19254375 8 19254375 8 19254375 8 19254375 8 19254375 8 19254375 8 19254375 8 19254375 8 19254375 8 19254375 8 19254375 8 19254375 8 19254375 8 19254375 8 19254375 8 19254375 8 19254375 8 19254375 8 19254375 8 19254375 8 19254375 8 19254375 8 19254375 8 19254375 8 19254375 8 19254375 8 19254375 8 19254375 8 19254375 8 19254375 8 19254375 8 19254375 8 19254375 8 19254375 8 19254375 8 19254375 8 19254375 8 19254375 8 19254375 8 19254375 8 19254375 8 19254375 8 19254375 8 19254375 8 19254375 8 19254375 8 19254375 8 19254375 8 19254375 8 19254375 8 19254375 8 19254375 8 19254375 8 19254375 8 19254375 8 19254375 8 19254375 8 19254375 8 19254375 8 19254375 8 19254375 8 19254375 8 19254375 8 19254375 8 19254375 8 19254375 8 19254375 8 19254375 8 19254375 8 19254375 8 19254375 8 19254375 8 19254375 8 19254375 8 19254375 8 19254375 8 19254375 8 19254375 8 19254375 8 19254375 8 19254375 8 19254375 8 19254375 8 19254375 8 19254375 8 19254375 8 19254375 8 19254375 8 19254375 8 19254375 8 19254375 8 19254375 8 19254375 8 19254375 8 19254375 8 19254375 8 19254375 8 19254375 8 19254375 8 19254375 8 19254375 8 19254375 8 19254375 8 19254375 8 19254375 8 19254375 8 19254375 8 19254375 8 19254375 8 19254375 8 19254375 8 19254375 8 19254375 8 19254375 8 19254375 8 19254375 8 19254375 8 19254375 8 19254375 8 19254375 8 19254375 8 19254375 8 19254375 8 19254375 8 19254375 8 19254375 8 19254375 8 19254375 8 19254375 8 19254375 8 19254375 8 19254375 8 19254375 8 19254375 8 19254375 8 19254375 8 19254375 8 19254375 8 19254375 8 19254375 8 19254375 8 19254375 8 19254375 8 19254375 8 19254375 8 19254375 8 19254375 8 19254375 8 19254375 8 19254375 8 19254375 8 19254375 8 19254375 8 19254375 8 19254375 8 19254375 8 19254375 8 19254375 8 19254375 8 19254375 8 19254375 8 19254375 8 19254375 8 19254375 8 19254375 8 19254375 8 19254375 8 19254375 8 19254375 8 19254375 8 19254375 8 19254375 8 19254375 8 19254375 8 19254375 8 19254375 8 19254375 8 19254375 8 19254375 8 19254375 8 19254375 8 19254375 8 19254375 8 19254375 8 19254375 8 19254375 8 19254375 8 19254375 8 19254375 8 19254375 8 19254375 8 19254375 8 19254375 8 19254375 8 19254375 8 19254375 8 19254375 8 19254375 8 19254375 8 19254375 8 19254375 8 19254375 8 19254375 8 19254375 8 19254375 8 19254375 8 19254375 8 19254375 8 19254375 8 19254375 8 19254375 8 19254375 8 19254375 8 19254375 8 19254375 8 19254375 8 19254375 8 19254375 8 19254375 8 19254375 8 19254375 8 19254375 8 19254375 8 19254375 8 19254375 8 19254375 8 19254375 8 19254375 8 19254375 8 19254375 8 19254375 8 19254375 8 19254375 8 19254375 8 19254375 8 19254375 8 19254375 8 19254375 8 19254375 8 19254375 8 19254375 8 19254375 8 19254375 8 19254375 8 19254375 8 19254375 8 19254375 8 19254375 8 19254375 8 19254375 8 19254375 8 19254375 8 19254375 8 19254375 8 19254375 8 19254375 8 19254375 8 19254375 8 19254375 8 19254375 8 19254375 8 19254375 8 19254375 8 19254375 8 19254375 8 19254375 8 19254375 8 19254375 8 19254375 8 19254375 8 19254375 8 19254375 8 19254375 8 19254375 8 19254375 8 19254375 8 19254375 8 19254375 8 19254375 8 19254375 8 19254375 8 19254375 8 19254375 8 19254375 8 19254375 8 19254375 8 19254375 8 19254375 8 19254375 8 19254375 8 19254375 8 19254375 8 19254375 8 19254375 8 19254375 8 19254375 8 19254375 8 19254375 8 19254375 8 19254375 8 19254375 8 19254375 8 19254375 8 19254375 8 19254375 8 19254375 8 19254375 8 19254375 8 19254375 8 19254375 8 19254375 8 19254375 8 19254375 8 19254375 8 19254375 8 19254375 8 19254375 8 19254375 8 19254375 8 19254375 8 19254375 8 19254375 8 19254375 8 19254375 8 19254375 8 19254375 8 19254375 8 19254375 8 19254375 8 19254375 8 19254375 8 19254375 8 19254375 8 19254375 8 19254375 8 19254375 8 19254375 8 19254375 8 19254375 8 19254375 8 19254375 8 19254375 8 19254375 8 19254375 8 19254375 8 19254375 8 19254375 8 19254375 8 19254375 8 19254375 8 19254375 8 19254375 8 19254375 8 19254375 8 19254375 8 19254375 8 19254375 8 19254375 8 19254375 8 19254375 8 19254375 8 19254375 8 19254375 8 19254375 8 19254375 8 19254375 8 19254375 8 19254375 8 19254375 8 19254375 8 19254375 8 19254375 8 19254375 8 19254375 8 19254375 8 19254375 8 19254375 8 19254375 8 19254375 8 19254375 8 19254375 8 19254375 8 19254375 8 19254375 8 19254375 8 19254375 8 19254375 8 19254375 8 19254375 8 19254375 8 19254375 8 19254375 8 19254375 8 19254375 8 19254375 8 19254375 8 19254375 8 19254375 8 19254375 8 19254375 8 19254375 8 19254375 8 19254375 8 19254375 8 19254375 8 19254375 8 19254375 8 19254375 8 19254375 8 19254375 8 19254375 8 19254375 8 19254375 8 19254375 8 19254375 8 19254375 8 19254375 8 19254375 8 19254375 8 19254375 8 19254375 8 19254375 8 19254375 8 19254375 8 19254375 8 19254375 8 19254375 8 19254375 8 19254375 8 19254375 8 19254375 8 19254375 8 19254375 8 19254375 8 19254375 8 19254375 8 19254375 8 19254375 8 19254375 8 19254375 8 19254375 8 19254375 8 19254375 8 19254375 8 19254375 8 19254375 8 19254375 8 19254375 8 19254375 8 19254375 8 19254375 8 19254375 8 19254375 8 19254375 8 19254375 8 19254375 8 19254375 8 19254375 8 19254375 8 19254375 8 19254375 8 19254375 8 19254375 8 19254375 8 19254375 8 19254375 8 19254375 8 19254375 8 19254375 8 19254375 8 19254375 8 19254375 8 19254375 8 19254375 8 19254375 8 19254375 8 19254375 8 19254375 8 19254375 8 19254375 8 19254375 8 19254375 8 19254375 8 19254375 8 19254375 8 19254375 8 19254375 8 19254375 8 19254375 8 19254375 8 19254375 8 19254375 8 19254375 8 19254375 8 19254375 8 19254375 8 19254375 8 19254375 8 19254375 8 19254375 8 19254375 8 19254375 8 19254375 8 19254375 8 19254375 8 19254375 8 19254375 8 19254375 8 19254375 8 19254375 8 19254375 8 19254375 8 19254375 8 19254375 8 19254375 8 19254375 8 19254375 8 19254375 8 19254375 8 19254375 8 19254375 8 19254375 8 19254375 8 19254375 8 19254375 8 19254375 8 19254375 8 19254375 8 19254375 8 19254375 8 19254375 8 19254375 8 19254375 8 19254375 8 19254375 8 19254375 8 19254375 8 19254375 8 19254375 8 19254375 8 19254375 8 19254375 8 19254375 8 19254375 8 19254375 8 19254375 8 19254375 8 19254375 8 19254375 8 19254375 8 19254375 8 19254375 8 19254375 8 19254375 8 19254375 8 19254375 8 19254375 8 19254375 8 19254375 8 19254375 8 19254375 8 19254375 8 19254375 8 19254375 8 19254375 8 19254375 8 19254375 8 19254375 8 19254375 8 19254375 8 19254375 8 19254375 8 19254375 8 19254375 8 19254375 8 19254375 8 19254375 8 19254375 8 19254375 8 19254375 8 19254375 8 19254375 8 19254375 8 19254375 8 19254375 8 19254375 8 19254375 8 19254375 8 19254375 8 19254375 8 19254375 8 19254375 8 19254375 8 19254375 8 19254375 8 19254375 8 19254375 8 19254375 8 19254375 8 19254375 8 19254375 8 19254375 8 19254375 8 19254375 8 19254375 8 19254375 8 19254375 8 19254375 8 19254375 8 19254375 8 19254375 8 19254375 8 19254375 8 19254375 8 19254375 8 19254375 8 19254375 8 19254375 8 19254375 8 19254375 8 19254375 8 19254375 8 19254375 8 19254375 8 19254375 8 19254375 8 19254375 8 19254375 8 19254375 8 19254375 8 19254375 8 19254375 8 19254375 8 19254375 8 19254375 8 19254375 8 19254375 8 19254375 8 19254375 8 19254375 8 19254375 8 19254375 8 19254375 8 19254375 8 19254375 8 19254375 8 19254375 8 19254375 8 19254375 8 19254375 8 19254375 8 19254375 8 19254375 8 19254375 8 19254375 8 19254375 8 19254375 8 19254375 8 19254375 8 19254375 8 19254375 8 19254375 8 19254375 8 19254375 8 19254375 8 19254375 8 19254375 8 19254375 8 19254375 8 19254375 8 19254375 8 19254375 8 19254375 8 19254375 8 19254375 8 19254375 8 19254375 8 19254375 8 19254375 8 192543