"headline";"subheadline";"author";"content";"newspaper_name";"publication_date";"page_number"
"Festival de Verano en la Plaza";"NA";"Juan Pérez";"El festival incluye actividades como conciertos, juegos y stands de comida.";"trome";"2021-03-02";"2"
"Descubrimiento Científico";"Nuevo Método para Tratar Enfermedades";"Dr. Ana García";"Investigadores han desarrollado un nuevo enfoque terapéutico que promete resultados significativos.";"trome";"2021-03-02";"2"
