

--- ERROR ENTRY: data/txt/ojo/2016/07/ojo_30.txt ---

```json
[
    {
        "headline": "UNIVERSIDAD ESPANOLA HALL IRREGULARIDADES KA LA ACUA CON SOGA AL CUELLO POR TESIS",
        "content": "Te e ”deficiencias e \u2014 7 dades” encontradas en la tef N sis doctoral presentada por l* Csar Acua Peralta. ojo)\n\nEl comunicado, emitido ALGO+\nyaer, seala que Acua incorpor en ”algunas par\u2014 \u2014 EE a Un grupo de simpatizantes CANCILLER CHHILENO \u2014 tes” e su tesis ”textos sin \u2014 on oe a de fulio Cuzmn recolecio\n\nDramia a Ag firmas para el nuevo parti\n\nEl canciller de Chile, gardo Muoz, consider que con Pedro Pablo Kuezynski (PPK) como nuevo presidente del Per \"se abre una gran ventana de oportunida para estrechar la relacon entre Lima y Santiago, pues hay cho en comn entre bas naciones. As lo expres en un comunicado.\n\nTras lo anterior, la Comisin de Doctorado de la Complutense acord instar al rector que inicie \"un procedimiento de revisin de oficio\" del ttulo de doctor de Acua.\n\nEl experto en derechos de autor Miguel ngel Ferreyra dijo que Acua podra enfrentar cargos penales ante la justicia espaola por el lito de vulneracin de los derechos de autor y propiedad intelectual, cuya pena es castigada con prisin de seis meses a cuatro aos y mul ta de doce a 24 niese."
    },
    {
        "headline": "DHMONT 25 aos CONSTUUENDO UN PER MEJOR AGRADECHMOS A JODA NUESTRA FUERZA DE VENTAs DF TODOS NUESTRON PROYECTOS INMOSLTARIOS A NIVEL NACIONALO A NUESTROS CHENTES QUE DEPOSITARON SU CONHANZA N NOSOTROS NOSEGUIREMOS ESFUORZANDO POR LOGRAR NUEVOS RETOS Y DELSTA MANERA CON FRIBUIR AL CRICIMIENTO DE NUEST RO rals DIPLOMADOS DE ESPECIALIZACIN CON CERTIFICACIN UNIVERSITARIA BUSCAS MS PROGRAMAS? ide.edu.pe montsa a WVWVW,"
        "content": "NA"
    },
    {
        "headline": "RACHA DE ACCIDENTES DEJA AL MENOS 19 FALLECIDOS",
        "content": "LA LIBERTAD DICTAN 35 ANOS DE CARCEL A TRIPLE HOMICIDA\n\nEl triple homicida Ezequiel Salazar Berros (22) fue condenado por el Poder judicial a 35 aos de crcel efectiva por los delitos de homicidio calificado, parricidio y nicidio, en la regin La Libertad. Tras haber acabado con la vida de su expareja de 16 aos, su cuado de 11 y su pequeo hijo de un ao de de edad fue sentenciado tras acogerse a la confesin sincera y revelar que l fue el autor del triple crimen.\n\nTIZADA A UNA ABUELITA\n\nFlorentina Alvarado Snchez (70) fue descuartizada y hallada por un obrero en el distrito de Nuamancaca, a orillas del ro Mantaro. Segn sus familiares, la ltima vez que supieron de ella fue el 15 de julio. Ese da la agricultora fue a la zona de Ahuac para cobrar un dinero por la venta de ajo. Ayer, al ver los diarios sobre el macabro hallazgo, su sobrina y su hermano llegaron hasta la morgue y la identificaron.\n\nCarreteras del pas se tiI|en de sangre.\n\n( PER )\n\nAYACUCHO. Cinco pasajeros murieron y otros seis resultaron herdos despus que la camioneta en la que viajaban se despistara y cayera a un abismo de 100 metros en el distrito Santillana (Huanta). Los malheridos fueron conducidos por la Policia hacia el Nospital Regional de Aycucho.\n\nEn esa misma resin, hubo otro accidente que dej dos mueztos y 18 heridos en la zona de Cano, tras que en la localidad de Chiquintilca, en la provincia de La Mar, un nuevo incidente carretero dej dos muertos y ms de nueve heridos.\n\nPor otro lado, al sur del pas, en la regin Tacna,\nk a ..\n\nSUPERINTENDENCIA DE BANCA, SEGUROS Y AFP\n\nRepblica del Per\n\nQuero tl renda Consulta gratis tu Reporte de Deudas Ingresa a www.sbs.gob.pe/reportededeudas o descarga nuestra App SBS. Estamos para orientarte Para mayor informacin llama al 0 800 10840 o visita nuestras oficinas en Lima y provincias.\n\n0J0 * LIMA : 9 SBADO 30.07.2016\n\n( INTERNACIONAL36S )\n\nCHAVISMO CONTRA PARLAMENTO. Diputados a, chavistas solicitaron al Tribunal Supremo declarar ilegal los actos del Parlamento por haber incorporado e l oe ee ee a s on a o CAE sSoSPECHOSO DE\n\nLa Polica brasilea ci el arresto de un sospechoso de terrorismo, os das de las Olim pladas, El sujeto, de 34 aos, habra jurado lealtad al Estado Islmico.\n\nno es BAUTIZABO COMO MEITANTE GAY La Marina de Guerra estadounidense bautizar uno de sus navos con el nombre de Harvey Milk, pionero de la causa homosexual asesinado en 1978 en San Francisco.\n\nANGELUS DEI . ELIMINA SECUELAS DE ACNE Y CICATRICES LSER CO2 FRACCIONADO ERBIUM LASER REJUVENECWNENTO FACAL. ESTRAS, LENTIGOS MancHas y Lunares:\n\nRe3 | a rl \" l 3 oe Eato\n\nPOLONIA\n\nPAPA FRANCISCO VISITA CAMPO DE EXTERMINIO NAZI DE AUSCHWITZ\n\nCRACOVIA. El papa Francisco visit ayer Auschwitz, uno de los campos donde murieron aproximadamente un milln de judos, durante el rgimen naz. trancisco dijo que \"la crueldad no ha terminado y tambin existe hoy\", en referencia a la tortura, la guerra 0 las crceles superpobladas, donde mueren cientos de personas.\n\nA 5622194 RPC 948299654 RPM *956800365 Av. Elmer Faucett 350, San Miguel \u2014 Lima.\n\nBRASILIA. El Pr ea a brasileo Luiz Incio Lulada Silva ir a juicio, junto a otras seis personas, por supuestamente haber perpetrado intentos de \"obstruccin a la justicia\" vinculados al escndalo de Petrobras. Todos los imputados estn acusados de conspirar para sobomar al exdirector de la empresa petrolera estatal, Nestor Cerver, para que no firmara un acuerdo de colaboracin con los investigadores de la *\n\nLava Jato. Lula habra encargado pagar 250 mil reales Go oe c os asesinadas em\n\nDERMATOLOGIA\u2013 CIRUGA PLASTICA Y SUAVE \u2014 06 sesiones de carboxiterania \u2014 12 sesiones 52 de electromedicina Plasma rico en ptaquetas s/*300| s1 250 diamantadas S/. 160 |S/ 350 Limpreza facial * + peeing con capilar PuNlaSL PRP desdeg 335 ne u9 con Lser CO2 Fraccionado S/. 500 \u2014 Al5 \" Ia y r ' a ) www.clinicaangelusdei.com MEDICINA INTERNA Rejuvenecimiento facial Soft\u2011ft, toxina batulinca, cido hialurnico, hilos tensores. Plasma rico en plaquetas PRP, plasma gel, laser. \u2014 Alnamiento de rostro Calvicie: Trasplanie capilar y Bioestumutacin capdar : Clulas madre en rostro Lipoescultura. Minitipo o smartipo Mamopiastia. \u2014 Rinoplastia y nnomadeiacin. Aumento de glteos, Ojeras: blefaroplastia y laser. Calulitis y estras. \u2014 Varices y araas vasculares, Ulceras varicosas y crnicas. Gicatrices y queloides, Manchas, verrugas, hongos, cnver de piel, tumores, etc. Ultracavitacin. radiofrecuencia carboxiterapia I  \"F /AngelusDeiEstetic ESTADO ISLMICO REALIZA NUEVAS MATANZAS Y DEJA 60 MUERTOS MANBECH. Al menos 24 personas han sido (El), entre el jueves y viernes, en el pueblo de Al Buir, al norte de la ciudad siria de Manbech, en la provincia de Alepo, segn el Observatorio Sirio de Derechos Humanos. Por otro lado, al menc fallecieron en combates en Afganistn.\n\nFRANCIA ATACANTE DE CURA LANZO AMENAZA EN VIDEO\n\nPARS. Uno de los yihadistas que mat a un cura en una iglesia de Normandia, el pasado martes, amenaz en un video con \"destruir Francia\". La grabacin fue puhlica&a por Amag, una ayencia vinculada al Estado Islmico.\n\n36 yihadistas\n\nBANCO REPUBLICA EN LIQUIDACION SUBASTA PUBLICA DE INMUEBLES Y CARTERA DE CREDITOS d e a C eie O Convoca la Subasta Pblica al mejor postor de inmuebles y cartera de crditos vigente y castigada por derecho propio y de los extinguidos Banco CCC del Per y Cia, ltalo Peruana de Seguros Generales DA. Martes, 23 de Agosto del 2016 HORA: 11.00 a.m. LUGAR: Jr. Puno No 279 \u2014 Cercado de Lima liii l I CARTERA DE CREDITOS Jr, Puno No 271\u2013279 \u2014 Cercado | Precio Base r en ci a a oe : pr . l Venta de la Cartera Castigada por paquete SotV!\nPiso/Mez 1,934.70 m. US$ \u2014 848,085.00 de crditos o individual por cliente Oficina 202 426.00 mi US$ \u2014 195,986.00 Oficina 501\u2013502 \u2014 610.00 ei US$ \u2014 277.907.00 up e el ee Azotea 525.00 m' US$ \u2014 86,607.00 a 20 Carteras da Crditos a nivel Informacin en las bases y pgina web nacional con garantia hipotecana www. banrepublicalig.com y/o embargos insentos CARTERA DE CREDITOS VIGENTE BCCCe) 3 Carteras de Crditos a nivel nacional con garanta hipotecaria y/o embargos inscritos Venta de Bases y Oblaje: En el lugar de la Subasta del 01/08:2016 al 23082016 Costo; $/20.00 (Velnte soles) Informes: Telef. 428\u20132727 GRECIALLANOS gllanosgrupoepensa.pe na vez ms, la da Brasil se convir ti en escenario de la Gran Parada y Desfile Militar, fiesta patriotica que ayer fue aprovechada por decenas de sonas, e incluso familias, para \u2014 em prender negocios pasajeros y ganar '\u2014 un dinero extra. "
    },
    {
        "headline": "RAYAN CON FESTIVAL DE COMIDAS EN AV. BRASIL",
        "content": "Algo+ d ea 00 avenidas Brasil y Snchez (eu en uee E os Liegaron CIFRA 2.50 costaban dos palitos de anticuchos, $ue junto al fueronlos preferidos del pblico. tallarn rojo ECIAL FIESTASPATRIAS ) , | ro, la avenida Brasil termin repleta de basura, incluso la gente dej los desperdicios en los alrededr zonas los municipios ron luego los espacios has hasta en la noche.\n\nSBADO 30.07.2016\n\nSE TOMARON FOTOS MULTARES Decenas de ciudadanos aprovecharon el desfile militar para fotografarse j|unto a los miembros de las Fuerzas Armadas y la Polica Nacional, quienes estuvieron ubicados con sus vehculos en las ltimas cuadras de la avenida Brasil esperando su turno para trasladarse por el estrado oficial. Los preferidos por los nios y adultos fueron los miembros del to en los inmensos tanques de guerra. Largas colas tuvieron que realizar las personas que asistieron a ver el le para acceder a los servicios higinicos dispons a lo largo de la avenida Brasil. Sonaron"
    }
]
```

--- ERROR ENTRY: data/txt/ojo/2016/07/ojo_30.txt ---

```json
[
    {
        "headline": "Claro que Silva sufrió un corte en la cabeza",
        "content": "y salió sangrando y mareado tras sufrir un golpe en el amistoso que Jugó el Jong PSV ante el Anderlecht de Bélgica (U23). Lo reemplazó por el belga Verreth. El ‘5’ ruano fue inmediatamente internado en una clínica."
    },
    {
        "headline": "Te trae grandes éxitos de la música criolla",
        "content": "En este CD encontrarás éxitos como: es cosa del pasado y que puede serle útil técnica para la selección peruana, Ricardo Gareca, con miras a los próximos partidos de las eliminatorias ante Bolivia en La Paz y Ecuador en Lima, el 1 y 6 de septiembre próximo, respectivamente. Ayer la ‘Foquita’ volvió a ser titular y a marcar en el amistoso que disputó y ganó por 3-1 su club Al Jazira de Emiratos Árabes Unidos ante el Go Ahead Eagles de Holanda, país donde el cuadro del peruano viene realizando su pretemporada. Farfán estuvo atrevido en el ataque del Al Jazira y anot apenas a los 60 en el estadio De Adelaarshorst. Ahmed Rabeya (27’) y Khalfan Mubarak Al Shamsi (53’) aumentaron. Descontó Robin van der Meer (31’)."
    },
    {
        "headline": "Ya a la venta",
        "content": "(DEPORTES MUNDIAL)"
    },
    {
        "headline": "Juegos Olímpicos COP no perdona a Yelena Isinbayeva",
        "content": "El Comité Olímpico Internacional le levantó la sanción a los deportistas rusos que dieron positivo por dopaje, condicionando a que sean las Federaciones Internacionales las que den los permisos correspondientes, pero Yelena Isinbayeva no podrá estar presente en la máxima competencia que se realizará en Río, “Recibí la respuesta negativa de la IAAF, No hicieron una excepción conmigo”, dijo la pertiguista."
    },
    {
        "headline": "Claudio Pizarro continúa sumando más minutos",
        "content": "DRESDEN. El ‘Bombardero’ sigue en actividad. Claudio Pizarro fue titular en el amistoso donde Werder Bremen cayó por 1-0 ante el Real Betis de España por la Dresden Cup: — organizada por el club Dynamo. — Pizarro jugó hasta los 70 minutos. — En este cotejo no tomó parte Juan Manuel Vargas, ya que el DT del Betis, Gustavo Poyet, no lo tiene en sus planes para esta temporada."
    },
    {
        "headline": "Expertos uniendo parejas separadas por amor o venganza",
        "content": "Amores rebeldes imposibles, no importa el tiempo, la edad ni el sexo, amarre eterno precio normal $870 temporal $170 Para Tu Felicidad Hoy día último día hacemos amarres hoy día te ayudamos a solucionar tus problemas al instante 105 Amarres Locales Entradas en Presencia Call Center Exóticos 105 105 105 105 105 105 105 105 105 105 105 105 105 105 105 105 105 105 105 105 105 105 105 105 105 105 105 105 105 105 105 105 105 105 105 105 105 105 105 105 105 105 105 105 105 105 105 105 105 105 105 105 105 105 105 105 105 105 105 105 105 105 105 105 105 105 105 105 105 105 105 105 105 105 105 105 105 105 105 105 105 105 105 105 105 105 105 105 105 105 105 105 105 105 105 105 105 105 105 105 105 105 105 105 105 105 105 105 105 105 105 105 105 105 105 105 105 105 105 105 105 105 105 105 105 105 105 105 105 105 105 105 105 105 105 105 105 105 105 105 105 105 105 105 105 105 105 105 105 105 105 105 105 105 105 105 105 105 105 105 105 105 105 105 105 105 105 105 105 105 105 105 105 105 105 105 105 105 105 105 105 105 105 105 105 105 105 105 105 105 105 105 105 105 105 105 105 105 105 105 105 105 105 105 105 105 105 105 105 105 105 105 105 105 105 105 105 105 105 105 105 105 105 105 105 105 105 105 105 105 105 105 105 105 105 105 105 105 105 105 105 105 105 105 105 105 105 105 105 105 105 105 105 105 105 105 105 105 105 105 105 105 105 105 105 105 105 105 105 105 105 105 105 105 105 105 105 105 105 105 105 105 105 105 105 105 105 105 105 105 105 105 105 105 105 105 105 105 105 105 105 105 105 105 105 105 105 105 105 105 105 105 105 105 105 105 105 105 105 105 105 105 105 105 105 105 105 105 105 105 105 105 105 105 105 105 105 105 105 105 105 105 105 105 105 105 105 105 105 105 105 105 105 105 105 105 105 105 105 105 105 105 105 105 105 105 105 105 105 105 105 105 105 105 105 105 105 105 105 105 105 105 105 105 105 105 105 105 105 105 105 105 105 105 105 105 105 105 105 105 105 105 105 105 105 105 105 105 105 105 105 105 105 105 105 105 105 105 105 105 105 105 105 105 105 105 105 105 105 105 105 105 105 105 105 105 105 105 105 105 105 105 105 105 105 105 105 105 105 105 105 105 105 105 105 105 105 105 105 105 105 105 105 105 105 105 105 105 105 105 105 105 105 105 105 105 105 105 105 105 105 105 105 105 105 105 105 105 105 105 105 105 105 105 105 105 105 105 105 105 105 105 105 105 105 105 105 105 105 105 105 105 105 105 105 105 105 105 105 105 105 105 105 105 105 105 105 105 105 105 105 105 105 105 105 105 105 105 105 105 105 105 105 105 105 105 105 105 105 105 105 105 105 105 105 105 105 105 105 105 105 105 105 105 105 105 105 105 105 105 105 105 105 105 105 105 105 105 105 105 105 105 105 105 105 105 105 105 105 105 105 105 105 105 105 105 105 105 105 105 105 105 105 105 105 105 105 105 105 105 105 105 105 105 105 105 105 105 105 105 105 105 105 105 105 105 105 105 105 105 105 105 105 105 105 105 105 105 105 105 105 105 105 105 105 105 105 105 105 105 105 105 105 105 105 105 105 105 105 105 105 105 105 105 105 105 105 105 105 105 105 105 105 105 105 105 105 105 105 105 105 105 105 105 105 105 105 105 105 105 105 105 105 105 105 105 105 105 105 105 105 105 105 105 105 105 105 105 105 105 105 105 105 105 105 105 105 105 105 105 105 105 105 105 105 105 105 105 105 105 105 105 105 105 105 105 105 105 105 105 105 105 105 105 105 105 105 105 105 105 105 105 105 105 105 105 105 105 105 105 105 105 105 105 105 105 105 105 105 105 105 105 105 105 105 105 105 105 105 105 105 105 105 105 105 105 105 105 105 105 105 105 105 105 105 105 105 105 105 105 105 105 105 105 105 105 105 105 105 105 105 105 105 105 105 105 105 105 105 105 105 105 105 105 105 105 105 105 105 105 105 105 105 105 105 105 105 105 105 105 105 105 105 105 105 105 105 105 105 105 105 105 105 105 105 105 105 105 105 105 105 105 105 105 105 105 105 105 105 105 105 105 105 105 105 105 105 105 105 105 105 105 105 105 105 105 105 105 105 105 105 105 105 105 105 105 105 105 105 105 105 105 105 105 105 105 105 105 105 105 105 105 105 105 105 105 105 105 105 105 105 105 105 105 105 105 105 105 105 105 105 105 105 105 105 105 105 105 105 105 105 105 105 105 105 105 105 105 105 105 105 105 105 105 105 105 105 105 105 105 105 105 105 105 105 105 105 105 105 105 105 105 105 105 105 105 105 105 105 105 105 105 105 105 105 105 105 105 105 105 105 105 105 105 105 105 105 105 105 105 105 105 105 105 105 105 105 105 105 105 105 105 105 105 105 105 105 105 105 105 105 105 105 105 105 105 105 105 105 105 105 105 105 105 105 105 105 105 105 105 105 105 105 105 105 105 105 105 105 105 105 105 105 105 105 105 105 105 105 105 105 105 105 105 105 105 105 105 105 105 105 105 105 105 105 105 105 105 105 105 105 105 105 105 105 105 105 105 105 105 105 105 105 105 105 105 105 105 105 105 105 105 105 105 105 105 105 105 105 105 105 105 105 105 105 105 105 105 105 105 105 105 105 105 105 105 105 105 105 105 105 105 105 105 105 105 105 105 105 105 105 105 105 105 105 105 105 105 105 105 105 105 105 105 105 105 105 105 105 105 105 105 105 105 105 105 105 105 105 105 105 105 105 105 105 105 105 105 105 105 105 105 105 105 105 105 105 105 105 105 105 105 105 105 105 105 105 105 105 105 105 105 105 105 105 105 105 105 105 105 105 105 105 105 105 105 105 105 105 105 105 105 105 105 105 105 105 105 105 105 105 105 105 105 105 105 105 105 105 105 105 105 105 105 105 105 105 105 105 105 105 105 105 105 105 105 105 105 105 105 105 105 105 105 105 105 105 105 105 105 105 105 105 105 105 105 105 105 105 105 105 105 105 105 105 105 105 105 105 105 105 105 105 105 105 105 105 105 105 105 105 105 105 105 105 105 105 105 105 105 105 105 105 105 105 105 105 105 105 105 105 105 105 105 105 105 105 105 105 105 105 105 105 105 105 105 105 105 105 105 105 105 105 105 105 105 105 105 105 105 105 105 105 105 105 105 105 105 105 105 105 105 105 105 105 105 105 105 105 105 105 105 105 105 105 105 105 105 105 105 105 105 105 105 105 105 105 105 105 105 105 105 105 105 105 105 105 105 105 105 105 105 105 105 105 105 105 105 105 105 105 105 105 105 105 105 105 105 105 105 105 105 105 105 105 105 105 105 105 105 105 105 105 105 105 105 105 105 105 105 105 105 105 105 105 105 105 105 105 105 105 105 105 105 105 105 105 105 105 105 105 105 105 105 105 105 105 105 105 105 105 105 105 105 105 105 105 105 105 105 105 105 105 105 105 105 105 105 105 105 105 105 105 105 105 105 105 105 105 105 105 105 105 105 105 105 105 105 105 105 105 105 105 105 105 105 105 105 105 105 105 105 105 105 105 105 105 105 105 105 105 105 105 105 105 105 105 105 105 105 105 105 105 105 105 105 105 105 105 105 105 105 105 105 105 105 105 105 105 105 105 105 105 105 105 105 105 105 105 105 105 105 105 105 105 105 105 105 105 105 105 105 105 105 105 105 105 105 105 105 105 105 105 105 105 105 105 105 105 105 105 105 105 105 105 105 105 105 105 105 105 105 105 105 105 105 105 105 105 105 105 105 105 105 105 105 105 105 105 105 105 105 105 105 105 105 105 105 105 105 105 105 105 105 105 105 105 105 105 105 105 105 105 105 105 105 105 105 105 105 105 105 105 105 105 105 105 105 105 105 105 105 105 105 105 105 105 105 105 105 105 105 105 105 105 105 105 105 105 105 105 105 105 105 105 105 105 105 105 105 105 105 105 105 105 105 105 105 105 105 105 105 105 105 105 105 105 105 105 105 105 105 105 105 105 105 105 105 105 105 105 105 105 105 105 105 105 105 105 105 105 105 105 105 105 105 105 105 105 105 105 105 105 105 105 105 105 105 105 105 105 105 105 105 105 105 105 105 105 105 105 105 105 105 105 105 105 105 105 105 105 105 105 105 105 105 105 105 105 105 105 105 105 105 105 105 105 105 105 105 105 105 105 105 105 105 105 105 105 105 105 105 105 105 105 105 105 105 105 105 105 105 105 105 105 105 105 105 105 105 105 105 105 105 105 105 105 105 105 105 105 105 105 105 105 105 105 105 105 105 105 105 105 105 105 105 105 105 105 105 105 105 105 105 105 105 105 105 105 105 105 105 105 105 105 105 105 105 105 105 105 105 105 105 105 105 105 105 105 105 105 105 105 105 105 105 105 105 105 105 105 105 105 105 105 105 105 105 105 105 105 105 105 105 105 105 105 105 105 105 105 105 105 105 105 105 105 105 105 105 105 105 105 105 105 105 105 105 105 105 105 105 105 105 105 105 105 105 105 105 105 105 105 105 105 105 105 105 105 105 105 105 105 105 105 105 105 105 105 105 105 105 105 105 105 105 105 105 105 105 105 105 105 105 105 105 105 105 105 105 105 105 105 105 105 105 105 105 105 105 105 105 105 105 105 105 105 105 105 105 105 105 105 105 105 105 105 105 105 105 105 105 105 105 105 105 105 105 105 105 105 105 105 105 105 105 105 105 105 105 105 105 105 105 105 105 105 105 105 105 105 105 105 105 105 105 105 105 105 105 105 105 105 105 105 105 105 105 105 105 105 105 105 105 105 105 105 105 105 105 105 105 105 105 105 105 105 105 105 105 105 105 105 105 105 105 105 105 105 105 105 105 105 105 105 105 105 105 105 105 105 105 105 105 105 105 105 105 105 105 105 105 105 105 105 105 105 105 105 105 105 105 105 105 105 105 105 105 105 105 105 105 105 105 105 105 105 105 105 105 105 105 105 105 105 105 105 105 105 105 105 105 105 105 105 105 105 105 105 105 105 105 105 105 105 105 105 105 105 105 105 105 105 105 105 105 105 105 105 105 105 105 105 105 105 105 105 105 105 105 105 105 105 105 105 105 105 105 105 105 105 105 105 105 105 105 105 105 105 105 105 105 105 105 105 105 105 105 105 105 105 105 105 105 105 105 105 105 105 105 105 105 105 105 105 105 105 105 105 105 105 105 105 105 105 105 105 105 105 105 105 105 105 105 105 105 105 105 105 105 105 105 105 105 105 105 105 105 105 105 105 105 105 105 105 105 105 105 105 105 105 105 105 105 105 105 105 105 105 105 105 105 105 105 105 105 105 105 105 105 105 105 105 105 105 105 105 105 105 105 105 105 105 105 105 105 105 105 105 105 105 105 105 105 105 105 105 105 105 105 105 105 105 105 105 105 105 105 105 105 105 105 105 105 105 105 105 105 105 105 105 105 105 105 105 105 105 105 105 105 105 105 105 105 105 105 105 105 105 105 105 105 105 105 105 105 105 105 105 105 105 105 105 105 105 105 105 105 105 105 105 105 105 105 105 105 105 105 105 105 105 105 105 105 105 105 105 105 105 105 105 105 105 105 105 105 105 105 105 105 105 105 105 105 105 105 105 105 105 105 105 105 105 105 105 105 105 105 105 105 105 105 105 105 105 105 105 105 105 105 105 105 105 105 105 105 105 105 105 105 105 105 105 105 105 105 105 105 105 105 105 105 105 105 105 105 105 105 105 105 105 105 105 105 105 105 105 105 105 105 105 105 105 105 105 105 105 105 105 105 105 105 105 105 105 105 105 105 105 105 105 105 105 105 105 105 105 105 105 105 105 105 105 105 105 105 105 105 105 105 105 105 105 105 105 105 105 105 105 105 105 105 105 105 105 105 105 105 105 105 105 105 105 105 105 105 105 105 105 105 105 105 105 105 105 105 105 105 105 105 105 105 105 105 105 105 105 105 105 105 105 105 105 105 105 105 105 105 105 105 105 105 105 105 105 105 105 105 105 105 105 105 105 105 105 105 105 105 105 105 105 105 105 105 105 105 105 105 105 105 105 105 105 105 105 105 105 105 105 105 105 105 105 105 105 105 105 105 105 105 105 105 105 105 105 105 105 105 105 105 105 105 105 105 105 105 105 105 105 105 105 105 105 105 105 105 105 105 105 105 105 105 105 105 105 105 105 105 105 105 105 105 105 105 105 105 105 105 105 105 105 105 105 105 105 105 105 105 105 105 105 105 105 105 105 105 105 105 105 105 105 105 105 105 105 105 105 105 105 105 105 105 105 105 105 105 105 105 105 105 105 105 105 105 105 105 105 105 105 105 105 105 105 105 105 105 105 105 105 105 105 105 105 105 105 105 105 105 105 105 105 105 105 105 105 105 105 105 105 105 105 105 105 105 105 105 105 105 105 105 105 105 105 105 105 105 105 105 105 105 105 105 105 105 105 105 105 105 105 105 105 105 105 105 105 105 105 105 105 105 105 105 105 105 105 105 105 105 105 105 105 105 105 105 105 105 105 105 105 105 105 105 105 105 105 105 105 105 105 105 105 105 105 105 105 105 105 105 105 105 105 105 105 105 105 105 105 105 105 105 105 105 105 105 105 105 105 105 105 105 105 105 105 105 105 105 105 105 105 105 105 105 105 105 105 105 105 105 105 105 105 105 105 105 105 105 105 105 105 105 105 105 105 105 105 105 105 105 105 105 105 105 105 105 105 105 105 105 105 105 105 105 105 105 105 105 105 105 105 105 105 105 105 105 105 105 105 105 105 105 105 105 105 105 105 105 105 105 105 105 105 105 105 105 105 105 105 105 105 105 105 105 105 105 105 105 105 105 105 105 105 105 105 105 105 105 105 105 105 105 105 105 105 105 105 105 105 105 105 105 105 105 105 105 105 105 105 105 105 105 105 105 105 105 105 105 105 105 105 105 105 105 105 105 105 105 105 105 105 105 105 105 105 105 105 105 105 105 105 105 105 105 105 105 105 105 105 105 105 105 105 105 105 105 105 105 105 105 105 105 105 105 105 105 105 105 105 105 105 105 105 105 105 105 105 105 105 105 105 105 105 105 105 105 105 105 105 105 105 105 105 105 105 105 105 105 105 105 105 105 105 105 105 105 105 105 105 105 105 105 105 105 105 105 105 105 105 105 105 105 105 105 105 105 105 105 105 105 105 105 105 105 105 105 105 105 105 105 105 105 105 105 105 105 105 105 105 105 105 105 105 105 105 105 105 105 105 105 105 105 105 105 105 105 105 105 105 105 105 105 105 105 105 105 105 105 105 105 105 105 105 105 105 105 105 105 105 105 105 105 105 105 105 105 105 105 105 105 105 105 105 105 105 105 105 105 105 105 105 105 105 105 105 105 105 105 105 105 105 105 105 105 105 105 105 105 105 105 105 105 105 105 105 105 105 105 105 105 105 105 105 105 105 105 105 105 105 105 105 105 105 105 105 105 105 105 105 105 105 105 105 105 105 105 105 105 105 105 105 105 105 105 105 105 105 105 105 105 105 105 105 105 105 105 105 105 105 105 105 105 105 105 105 105 105 105 105 105 105 105 105 105 105 105 105 105 105 105 105 105 105 105 105 105 105 105 105 105 105 105 105 105 105 105 105 105 105 105 105 105 105 105 105 105 105 105 105 105 105 105 105 105 105 105 105 105 105 105 105 105 105 105 105 105 105 105 105 105 105 105 105 105 105 105 105 105 105 105 105 105 105 105 105 105 105 105 105 105 105 105 105 105 105 105 105 105 105 105 105 105 105 105 105 105 105 105 105 105 105 105 105 105 105 105 105 105 105 105 105 105 105 105 105 105 105 105 105 105 105 105 105 105 105 105 105 105 105 105 105 105 105 105 105 105 105 105 105 105 105 105 105 105 105 105 105 105 105 105 105 105 105 105 105 105 105 105 105 105 105 105 105 105 105 105 105 105 105 105 105 105 105 105 105 105 105 105 105 105 105 105 105 105 105 105 105 105 105 105 105 105 105 105 105 105 105 105 105 105 105 105 105 105 105 105 105 105 105 105 105 105 105 105 105 105 105 105 105 105 105 105 105 105 105 105 105 105 105 105 105 105 105 105 105 105 105 105 105 105 105 105 105 105 105 105 105 105 105 105 105 105 105 105 105 105 105 105 105 105 105 105 105 105 105 105 105 105 105 105 105 105 105 105 105 105 105 105 105 105 105 105 105 105 105 105 105 105 105 105 105 105 105 105 105 105 105 105 105 105 105 105 105 105 105 105 105 105 105 105 105 105 105 105 105 105 105 105 105 105 105 105 105 105 105 105 105 105 105 105 105 105 105 105 105 105 105 105 105 105 105 105 105 105 105 105 105 105 105 105 105 105 105 105 105 105 105 105 105 105 105 105 105 105 105 105 105 105 105 105 105 105 105 105 105 105 105 105 105 105 105 105 105 105 105 105 105 105 105 105 105 105 105 105 105 105 105 105 105 105 105 105 105 105 105 105 105 105 105 105 105 105 105 105 105 105 105 105 105 105 105 105 105 105 105 105 105 105 105 105 105 105 105 105 105 105 105 105 105 105 105 105 105 105 105 105 105 105 105 105 105 105 105 105 105 105 105 105 105 105 105 105 105 105 105 105 105 105 105 105 105 105 105 105 105 105 105 105 105 105 105 105 105 105 105 105 105 105 105 105 105 105 105 105 105 105 105 105 105 105 105 105 105 105 105 105 105 105 105 105 105 105 105 105 105 105 105 105 105 105 105 105 105 105 105 105 105 105 105 105 105 105 105 105 105 105 105 105 105 105 105 105 105 105 105 105 105 105 105 105 105 105 105 105 105 105 105 105 105 105 105 105 105 105 105 105 105 105 105 105 105 105 105 105 105 105 105 105 105 105 105 105 105 105 105 105 105 105 105 105 105 105 105 105 105 105 105 105 105 105 105 105 105 105 105 105 105 105 105 105 105 105 105 105 105 105 105 105 105 105 105 105 105 105 105 105 105 105 105 105 105 105 105 105 105 105 105 105 105 105 105 105 105 105 105 105 105 105 105 105 105 105 105 105 105 105 105 105 105 105 105 105 105 105 105 105 105 105 105 105 105 105 105 105 105 105 105 105 105 105 105 105 105 105 105 105 105 105 105 105 105 105 105 105 105 105 105 105 105 105 105 105 105 105 105 105 105 105 105 105 105 105 105 105 105 105 105 105 105 105 105 105 105 105 105 105 105 105 105 105 105 105 105 105 105 105 105 105 105 105 105 105 105 105 105 105 105 105 105 105 105 105 105 105 105 105 105 105 105 105 105 105 105 105 105 105 105 105 105 105 105 105 105 105 105 105 105 105 105 105 105 105 105 105 105 105 105 105 105 105 105 105 105 105 105 105 105 105 105 105 105 105 105 105 105 105 105 105 105 105 105 105 105 105 105 105 105 105 105 105 105 105 105 105 105 105 105 105 105 105 105 105 105 105 105 105 105 105 105 105 105 105 105 105 105 105 105 105 105 105 105 105 105 105 105 105 105 105 105 105 105 105 105 105 105 105 105 105 105 105 105 105 105 105 105 105 105 105 105 105 105 105 105 105 105 105 105 105 105 105 105 105 105 105 105 105 105 105 105 105 105 105 105 105 105 105 105 105 105 105 105 105 105 105 105 105 105 105 105 105 105 105 105 105 105 105 105 105 105 105 105 105 105 105 105 105 105 105 105 105 105 105 105 105 105 105 105 105 105 105 105 105 105 105 105 105 105 105 105 105 105 105 105 105 105 105 105 105 105 105 105 105 105 105 105 105 105 105 105 105 105 105 105 105 105 105 105 105 105 105 105 105 105 105 105 105 105 105 105 105 105 105 105 105 105 105 105 105 105 105 105 105 105 105 105 105 105 105 105 105 105 105 105 105 105 105 105 105 105 105 105 105 105 105 105 105 105 105 105 105 105 105 105 105 105 105 105 105 105 105 105 105 105 105 105 105 105 105 105 105 105 105 105 105 105 105 105 105 105 105 105 105 105 105 105 105 105 105 105 105 105 105 105 105 105 105 105 105 105 105 105 105 105 105 105 105 105 105 105 105 105 105 105 105 105 105 105 105 105 105 105 105 105 105 105 105 105 105 105 105 105 105 105 105 105 105 105 105 105 105 105 105 105 105 105 105 105 105 105 105 105 105 105 105 105 105 105 105 105 105 105 105 105 105 105 105 105 105 105 105 105 105 105 105 105 105 105 105 105 105 105 105 105 105 105 105 105 105 105 105 105 105 105 105 105 105 105 105 105 105 105 105 105 105 105 105 105 105 105 105 105 105 105 105 105 105 105 105 105 105 105 105 105 105 105 105 105 105 105 105 105 105 105 105 105 105 105 105 105 105 105 105 105 105 105 105 105 105 105 105 105 105 105 105 105 105 105 105 105 105 105 105 105 105 105 105 105 105 105 105 105 105 105 105 105 105 105 105 105 105 105 105 105 105 105 105 105 105 105 105 105 105 105 105 105 105 105 105 105 105 105 105 105 105 105 105 105 105 105 105 105 105 105 105 105 105 105 105 105 105 105 105 105 105 105 105 105 105 105 105 105 105 105 105 105 105 105 105 105 105 105 105 105 105 105 105 105 105 105 105 105 105 105 105 105 105 105 105 105 105 105 105 105 105 105 105 105 105 105 105 105 105 105 105 105 105 105 105 105 105 105 105 105 105 105 105 105 105 105 105 105 105 105 105 105 105 105 105 105 105 105 105 105 105 105 105 105 105 105 105 105 105 105 105 105 105 105 105 105 105 105 105 105 105 105 105 105 105 105 105 105 105 105 105 105 105 105 105 105 105 105 105 105 105 105 105 105 105 105 105 105 105 105 105 105 105 105 105 105 105 105 105 105 105 105 105 105 105 105 105 105 105 105 105 105 105 105 105 105 105 105 105 105 105 105 105 105 105 105 105 105 105 105 105 105 105 105 105 105 105 105 105 105 105 105 105 105 105 105 105 105 105 105 105 105 105 105 105 105 105 105 105 105 105 105 105 105 105 105 105 105 105 105 105 105 105 105 105 105 105 105 105 105 105 105 105 105 105 105 105 105 105 105 105 105 105 105 105 105 105 105 105 105 105 105 105 105 105 105 105 105 105 105 105 105 105 105 105 105 105 105 105 105 105 105 105 105 105 105 105 105 105 105 105 105 105 105 105 105 105 105 105 105 105 105 105 105 105 105 105 105 105 105 105 105 105 105 105 105 105 105 105 105 105 105 105 105 105 105 105 105 105 105 105 105 105 105 105 105 105 105 105 105 105 105 105 105 105 105 105 105 105 105 105 105 105 105 105 105 105 105 105 105 105 105 105 105 105 105 105 105 105