"headline","content","newspaper","date"
"SAIVAJES","TODOS PODEMOS PERDER EL CONTROL  ONU RECHAZA PERSONAJE  La Paisana Jacinta es ofensiva  El Comité para la Eliminación de la Discriminación Racial (CERD) de la ONU considera que la superioridad de la cultura europea que representa La Paisana Jacinta, personaje de Jorge Benavides, es un disfraz de la comicidad, refiere un experto del CERD.  El programa es ofensivo. En tanto, Alfredo Benavides, hermano de JB, dijo: La Paisana tiene un gran apoyo.","peru21","21/08/2014"
"REAPARECE EN EVENTO DE TV Y NOVELAS","Guty olvida el escándalo en Miami  El modelo deja a un lado a Melissa y Milett, e intenta hacer una carrera artística en Estados Unidos.  Mientras en nuestro país se sigue hablando de su infidelidad y el escándalo por sus fotos íntimas, el exintegrante de Esto es guerra Guty Carrera voltea la página y trata de abrirse camino en Miami.  Recién veo qué cualidades hay en actuación y conducción, estoy conversando con algunas personas. Es un mercado bastante interesante. Me falta prepararme, diariamente, porque no estoy listo, Tengo dominio escénico, puedo hacer algo como presentador. Como actor me falta estudiar, pero lo puedo hacer en un futuro, afirmó Guty durante la gala de la revista TVy novelas en Miami.  Sobre las presuntas imágenes de su desnudo que estarían circulando en las redes sociales el modelo prefirió no opinar. De ese tema no comento, dijo escuetamente.","peru21","21/08/2014"
"NOVIO DE SOFA ANUNCIA","Seguiremos construyendo una vida  El abogado Lvaro Paz de la Barra rompe el silencio para apoyar a su pareja, Sofa CC, luego de que la modelo Melissa Verde acusara a la animadora de haberse entrometido en su relación sentimental.  Te amo, mi amor. Más fuertes y unidos. En familia todo es grandeza, y con amor y razón seguiremos construyendo una vida tuiteó Lvaro.","peru21","21/08/2014"
"LEGASPI","Actor caracteriza a un ex delincuente en la nueva película nacional Al filo de la ley.  ¿Cuál será tu personaje en la película Al filo de la ley? ¿Tendrás algunas escenas con Milett Figueroa en esta cinta?  Mi personaje se llama Mauro, es un exdelincuente que va a tratar de mirarse colaborando con la policía. Sobre Milett, ella va a caracterizar a una de las chicas que trabaja para un capo de la mafia. Todavía no sé si vamos a tener escenas juntos.","peru21","21/08/2014"
"Juez de EE.UU. le dio la razón a compositor dominicano, quien asegura que la cantante copió su tema Loca.","Justicia de Nueva York falla en contra de Shakira en el juicio por plagio que inició el compositor dominicano Ramón Arias Vázquez, quien sostiene que la cantante colombiana copió el pegajoso tema Loca en uno de sus discos. Según determin un juez de esa ciudad, se violaron los derechos de Vázquez, quien escribió la canción a fines de los 90, y cuya productora, Mayimba Music, es dueña de la reproducción.  La sentencia afecta más que nada al rapero dominicano Eduardo Edwin Bello Poo, mejor conocido como El Cata, a quien el magistrado acusa de copiar la canción de Vázquez con una versión llamada Loca con su Tiguere, lanzada en el verano de 2007. La canción Loca de Shakira se basa, a su vez, en la versión de Bello Poo y fue parte del álbum Sale el Sol lanzado en el 2010 por la colombiana. Ese álbum incluía dos versiones del tema del rapero. En la versión de Shakira, El Cata cantaba segmentos de Loca.  El proceso judicial se originó en una demanda realizada por Mayimba Music que requirió judicialmente a Sony Corporation of America y otras unidades de Sony en 2012, ya que la disquera internacional produjo el álbum de Shakira que incluía la canción.  Según documentos allegados a la corte para discutir el caso, Arias Vázquez asegura que le cantó el polémico tema a Bello Poo en 2006 – 2007 en Santo Domingo, en unos estudios musicales.","peru21","21/08/2014"
"CÓMO TOMAS EL ÉXITO QUE HA LOGRADO LA SERIE COMANDO ALFA?","Me parece genial que la serie tenga aceptación, sobre todo en un horario difícil. En realidad, el mercado de las series sigue funcionando, pero quizá lo que faltan son telenovelas. Pero darle al público solo realities o chismes es un poco injusto.","peru21","21/08/2014"
"QUÉ OTROS PROYECTOS TIENES ESTE AO? CÓMO VAN LAS GRABACIONES DE LA CINTA LA ÚLTIMA NOTICIA, DE TU PADRE ALEJANDRO LEGASPI?","Hace dos meses estuve en Ayacucho filmando La última noticia, que es una producción del Grupo Chaski, y de mi padre. Por el momento, estoy terminando con los dos filmes, pero también tengo pensado retornar al teatro próximamente.","peru21","21/08/2014"
"LEY BUSCA EVITAR QUE DENUNCIADOS O SENTENCIADOS POR DELITOS POSTULEN","Proponen filtro electoral  Luego de que el secretario de Transparencia, Gerardo Tvara, advirtiera que existen 1400 candidatos en las prximas elecciones del 5 de octubre que tienen sentencia civil o penal, el congresista Santiago Gastaudui present un proyecto que busca cambiar esta situacin.  Segn una nota de prensa de su despacho, el parlamentario oficialista ha presentado una iniciativa legislativa para modificar el artculo 31 de la Constitucin Poltica del Per para que se prohba la postulacin a un cargo pblico de denunciados y sentenciados par diversos lcitos.  Entre ellos se hallan los lites de terrorismo, narcotrfico, violacin sexual de menores de edad, delito contra la administracin pblica en la modalidad de peculado, concusin o delitos de corrupcin de funcionarios en la modalidad de enriquecimiento ilcito.","peru21","21/08/2014"
"Elevara calidad en comicios.","OPINA.21  Na Jara ha hecho lo correcto al dialogar on todas las fuerzas polticas en un gran esfuerzo por tender algunos puentes con adversarios polticos, casi todos rotos por un estilo presidencial. Lo malo es que la flamante primera ministra hizo lo que los gabinetes anteriores debieron hacer desde el inicio. Al ingresar al cuarto ao de un perodo de cinco es ms complicado obtener respaldos debido a que se ha gastado el capital poltico y hay un dficit de confianza mutua, y porque la mayora en el Congreso tambin juegan descuentos si estn los acuerdos electorales.  Tenemos plata, tendrn que demostrar que saben cmo gastarla en beneficio de las mayoras. Sin embargo, como reza el dicho, ms vale tarde que nunca, Jara, quien no tena grandes anticuerpos, aunque hable ms generalidades que precisiones, ha invocado dos palabras mgicas: unidad y concertacin, cuyo significado solo ser dado por las prximas acciones gubernamentales. De lo contrario, quedarn en el encabezado de un titular periodstico.  Lo que me ha sorprendido en el discurso de investidura es la cantidad de veces que se ha repetido la palabra millones, Fueron 92 veces en 120 minutos, como ha sealado un artculo en El Comercio, basado en un analizador de textos. Quiere decir que tenemos plata, mucha plata y ahora tendrn que demostrar que saben cmo gastarla en beneficio de las mayoras y de manera eficiente, Esa es la tarea del Ejecutivo.  En contraste, la palabra seguridad apareci solo 21 veces. Pero no hay por qu alarmarse, pues el ministro Urresti con sus menciones mediaticas parece haber apaciguado la ansiedad ciudadana si nos basamos en las cifras de respaldo que ha obtenido en las ltimas encuestas, El tiempo dir.  No quisiera terminar esta columna sin llamar la atencin de un hecho horroroso que ningn dios justo apoyara, como ha dicho Barack Obama. La decapitacin del periodista James Foley, grabada y difundida por sus asesinos, los yihadistas sulmanes. Un crimen mnable de estos extremistas que son el cncer de la humanidad. Que el verdadero Dios haga justicia!","peru21","21/08/2014"
"Por incursin militar en Uchuy Siuhis","Fiscalizacin citar a titular de Defensa  El ministro de Defensa, Pedro Cateriano, ser citado a la misin de Defensa del Congreso para responder por la incursin militar a la localidad de Uchuy Sihuis, en el distrito de Tintay Punco, Huancavelica, ocurrida en mayo pasado, y que provoc la muerte de una mujer embarazada.  El legislador Mauricio Mulder sostuvo que Cateriano debe explicar bajo qu criterios una patrulla del Ejrcito incursion en dicho poblado argumentando que all se encontraba el camarada Carlos, hecho que --dijo-- posteriormente se comprob que no era cierto.","peru21","21/08/2014"
"Congreso cita a anciana que, segn el congresista, es dueña del Hostal","Pedirn testimonio de la madre de Grandez  La Comisin de Etica solicit informacin de legislador a Registros Pblicos, Sunat y Ministerio Pblico.  En el marco de sus pesquisas al congresista Victor Grandez --expulsado de la bancada Fuerza Popular--, la Comisin de Etica Parlamentaria no descarta solicitar el testimonio de la madre del legislador, a quien l mismo ha sindicado como propietaria del hostal Toro Bravo, de Iquitos, donde se ejerca la prostitucin de menores de edad.  En dilogo con Perz21, el presidente del grupo de trabajo, Humberto Lay, precis que la comisin no tiene capacidad coercitiva, por lo que no podra obligarse a la anciana de 80 aos a dar su declaracin.  Tenemos algunas limitaciones, Pese a ello esperamos contar con la suficiente informacin del delito grave y comn que la Fiscala tiene que procesar con celeridad. Javier Velasco Q. Congresista del Apra","peru21","21/08/2014"
"Insta al Congreso ONPE pide financiar a partidos","Buscan reducir dineros flcitos.  Para reducir el riesgo de la infiltracin de dineros ilcitos en la poltica, el jefe de la Oficina Nacional de Procesos Electorales (ONPE), Mariano Cucho, manifest que es necesario que el Congreso evale una nueva ley de partidos, en la cual se haga efectivo que reciban financiamiento estatal.  Segn dijo, el actual co legal que regula el financiamiento a los partidos polticos es muy dbil y permisivo y deben aumentar las sanciones.","peru21","21/08/2014"
"Colectivo de periodistas organiza confrontacin de ideas entre candidatos a la Alcaldía de Lima","Luis Castaeda rehye al debate con rivales polticos  Evento se iniciar a las 7:00 p.m. y ran que ex burgomaestre d la cara y explique su plan.  Ser el gran ausente, salvo que cambie de opinin a ma hora. Luis Castaeda, candidato a la Alcaldia de Lima por Solidaridad Nacional, no tir hoy al debate entre los versos candidatos a la comuna limea organizado por el Colegio de Periodistas de Lima (cP).  Castaeda no ha mandado ni tampoco lo ha descartado, Tiene hasta maana (hoy) para demostrar sus cortesas sobre la invitacin que le hemos cursado. Hemos seguido reservando su espacio para su presentacin. No obstante, no ha respondido ni por escrito ni de manera telefnica respecto a si asistir al debate, seal el decano de la orden, Max Obregn Rossi.  El representante lament que, frente a estas circunstancias y dada la trascendencia del cnclave, ni el lder de Solidaridad Nacional ni sus voceros o representantes hayan respondido la invitacin del gremio periodstico.  De momento la actitud de Castaeda se podra interpretar como una falta de respeto, pero todava puede llegar a la audiencia o descartar no asistir al zonal. Esto sera una falta de respeto, no a la audiencia, sino a los dems contrincantes, aadi,  Obregn Ross seal que el debate se convierte en la mejor oportunidad que tienen los candidatos para exponer sus propuestas y en esa lnea, consider que la ausencia de Castaeda deslucira el evento.  El est respondiendo a una estrategia, pero las cortesas le mandan a decir no me interesa, no voy, subray.  Este diario intent tarse con voceros de su partido, pero no respondieron.","peru21","21/08/2014"
"Congresista Guevara habl con fiscal sobre el caso La Centralita!","Pidi aclaracin a Ramos  El congresista Mesas Guevara, presidente de la comisin que investiga las irregularidades de ncash, inform que, durante la reunin que sostuvo con el fiscal de la Nacin, Carlos Ramos Heredia, el ltimo martes, le pidi explicaciones sobre los presuntos cuestionamientos que se suscitan en el proceso sobre La Centralita de ncash.  Ramos Heredia nos explic sobre las medidas que est tomando su institucin respecto a dicho caso, como por ejemplo, impugnar las rdenes de prisin preventiva por las de comparecencia simple en el caso de los implicados en La Centralita. El ex presidente regional de ncash podra beneficiarse con estas medidas, advirti.  En otro momento, adelant que el Consejo Nacional de la Magistratura les ha dado informacin muy sa sobre la conducta del titular del Ministerio Pblico y de los fiscales que estn a cargo del caso de ncash, En breve nos pronunciaremos al respecto, dijo.","peru21","21/08/2014"
"Habilitan lnea Fono ONPE por elecciones","Es gratuita.  Para absolver las dudas y preguntas del electorado y los miembros de mesa la Oficina Nacional de Procesos Electorales (ONPE) habilit la lnea gratuita Fono ONPE (080020—100) que dar informacin relativa a las prximas elecciones municipales y regionales del 520%re, millns. de soles asign.","peru21","21/08/2014"
"Candidato es vinculado por error a narcotrfico","Por homonima David Prez Rojas, candidato a la alcalda de Rioja por el PPC, fue incluido por error en la relacin de narcocandidatos que le entreg el ministro del Interior, Daniel Urresti, al Jurado Nacional de Elecciones (INE), segn inform el propio funcinari.","peru21","21/08/2014"
"Revela Contralora Municipio de Chilca favoreci a consultora","Con un contrato por ms de 5397 mil funcionarios de la Municipalidad Distrital de Chilca, en Caete, habran favorecido a una consultora mediante cesos de seleccin irregulares, segn la Contralora General de la Repblica. Esta accin habra nado perjuicio econmi a la comuna, q F Contralor X Fuad Khouri toma acciones.","peru21","21/08/2014"
"Alberto Borea sobre Garcfa-Sayn a OEA","PJ deja en libertad a vicepresidente vacado de ncash Por habeas corpus  Luego que un Juzgado de Investigacin Preparatoria de Huaraz declar fundado el habeas corpus presentado contra la detencin del vicepresidente regional de ncash, Florencio Romn na, este fue puesto en libertad ayer tras permanecer recluido desde el martes.","peru21","21/08/2014"
"Mara Elena Burgos Guaniho tena orden de prisin preventiva por 18 meses","Capturan a presunta testaferra vinculada a caso La Centralita?  Agentes de la Polica Nacional capturaron ayer a Mara Elena Burgos Guanilo (50), una de las implicadas en el caso La Centralita de ncash, para quien el Poder Judicial haba ordenado 18 meses de prisin preventiva por el delito de peculado, asociacin ilcita para delinquir y lavado de activos en agravio del Estado.  El director de Investigacin Criminal de la Polica Nacional, general PNP Jos Luis Lavalle Santa Cruz, inform que la detencin de la requisitoriada se realiz en el marco de las investigaciones del caso La Centralita.  m SIGUEN CAYENDO. En La Centralita pasaban muchas cosas.","peru21","21/08/2014"
"Deif, era hasta ayer incierta","Tras el ataque aéreo de Israel dirigido a su vivienda —en el que murieron su esposa y su hija— algunos voceros aseguraron que muri y otros que sigue con vida.  La emisora estadounidense Fox report, citando a fuentes del servicio secreto israelí, que Deif probablemente muri en el ataque. Sin embargo, Abu Obeida, portavoz de Hamas, aseguró que el cabecilla no fue herido y que fallaron al apuntarle. Asimismo, una de las hermanas de Deif y su suegra señalaron que el dirigente estaría con vida.  La ministra israelí de Inteligencia, Tzipi Livni, justificó el intento de asesinato, Merece morir como Osama (bin Laden), dijo, al tiempo de rechazar que se retome el diálogo con Hamas.","peru21","21/08/2014"
"Temor por volcán","Las autoridades de Islandia evacuaron ayer una zona próxima al glaciar Vatnajökull por temor a una posible erupción del volcán Bárðarbunga, donde desde el sábado se están registrando movimientos sísmicos. La evacuación se realizó de forma tranquila y ordenada, y unos 70 turistas tuvieron que abandonar sus alojamientos.","peru21","21/08/2014"
"EE.UU. en Misuri","Detienen a 47 en nuevas protestas  FERGUSON (DPA)—Fueron detenidas ayer 47 personas tras los nuevos disturbios ocurridos en la ciudad de Ferguson, en el estado de Missouri. La Policía informó que en las protestas por la muerte de Michael Brown, un joven negro asesinado por un policía blanco, el 9 de agosto, se confiscaron tres armas de fuego.  Aunque en esta ocasión el número de manifestantes fue menor que en anteriores ocasiones, algunos criminales y agitadores lanzaron piedras a los agentes y les arrojaron botellas de cristal y de plástico, algunas llenas de orina, refirió la Policía.  Ante los desmanes, ayer llegó a Missouri el fiscal general Eric Holder, quien ordenó a un forense federal realizar otra autopsia al cadáver de Brown.","peru21","21/08/2014"
"Los desastres naturales retan la capacidad estatal para proteger a sus ciudadanos","Hace siete años un terremoto devastó y dejó a dicha región puerta abajo en medio de un déficit de infraestructura serio y con una desafección política muy grande. La tardía intervención estatal y la inversión privada han terminado empujando su motor productivo con resultados aparentemente positivos.  Ica muestra cifras económicas auspiciosas respecto al resto del país. Según el índice de Competitividad del IPE (2024), ocupa el puesto seis entre 24 regiones, es decir, un desempeño económico solvente y avances en infraestructura, salud y educación. Sin embargo, a nivel político y social cunde un gran descontento. Según cifras de la ENAHO (2013), es la región con mayor rechazo ciudadano al Estado, con un 30% que no prefiere la democracia como régimen político, con escasa confianza en sus autoridades locales y con dos tercios de su población que identifican a la corrupción como el principal problema departamental. En otras palabras, es la región con mayor crisis de representación política del país a pesar de su alto nivel de competitividad. ¿Por qué?  Ica ejemplifica la paradoja peruana: crecimiento sin política. La obsesión por los temas económicos ha descuidado la intervención política (gesto, presencia, enraizamiento). Los mismos partidos políticos reducen su intervención al plano económico. Es como si los gobernantes y técnicos estuvieran perdidamente entregados a los brazos de la economía y fueran manipulados por ella, como el embrujo de la nía mala vargallsiana, que opera a su travieso antojo sin ver el daño (institucional, en este caso). El verdadero amor, en cambio, está en otra parte.","peru21","21/08/2014"
"ENTREVISTA","FABIOVA VALLE  fvalleperu2l.com  l av luch as m DOr la Tas  Una de ellas es la que afronta Enrique Mendoza, quien ha decidido luchar contra el flagelo de la delincuencia y el crimen organizado.  ¿Cuántas organizaciones criminales operan en el Perú? Solo el Poder Judicial está procesando a unas 30 organizaciones criminales por los delitos de narcotráfico, extorsión, terrorismo, lavado de activos, trata de personas, entre otras.  ¿Quiénes la integran? Varias de sus miembros utilizan saco y corbata, y otros son sanguinarios. Con decirle que hay hasta funcionarios públicos, como jueces y fiscales.  ¿Cuáles son las bandas más peligrosas? La de Orejuela, la de ‘Los Trece’, la de ‘Los Mexicanos’.  Los magistrados a cargo de estos casos son amenazados de muerte? Efectivamente, hay amenazas sutiles y graves. Hay delincuentes que van a la casa de los jueces y con láser alumbran sus viviendas para amedrentarlos. En otros casos, van directamente y les piden llegar a un acuerdo. También hay cargamentos médicos de la prensa.  ¿Qué medidas tomarán al respecto? El Consejo Ejecutivo del Poder Judicial elabora un protocolo para dar mayor seguridad a los futuros jueces que integren la Sala Penal Nacional y juzgados que combaten el crimen organizado. Además, se harán mejoras en las sedes judiciales.  El congresista Mesías Guevara, presidente de la comisión que investiga las irregularidades de Ancash, dijo que el Poder Judicial y el Ministerio Público se han aliado para favorecer a la organización criminal de César Álvarez, expresidente regional de Ancash.  Es una opinión que no tiene ningún sustento. Es inexplicable lo que dice. La vez pasada, el área de prensa de la comisión que me cit lo hizo como si fuera un reo. Adicionalmente, el legislador acusó que yo no estoy colaborando con las pesquisas porque no le había enviado la información completa que le fue solicitada...  Al legislador Guevara le hemos enviado seis cajas con toda la información que tenemos sobre Ancash. En todo caso que precise la información que necesita.  ¿Cuántos jueces han sido sancionados por favorecer a la organización criminal del expresidente regional de Ancash, César Álvarez? Unos 28 jueces están siendo investigados por la Oficina de Control de la Magistratura por presuntos indicios.  Casi a diario aparecen más indicios y denuncias contra el fiscal de la Nación, Carlos Ramos Heredia, por el caso Ancash. ¿Cree que está implicado en la red de Álvarez? Espero que Ramos Heredia no tenga vinculación. El Consejo Nacional de la Magistratura evaluará esto.  ¿A qué se debe que los jueces están cambiando la prisión preventiva por la de comparecencia simple a los implicados en el caso La Centralita? Los jueces son autónomos e independientes. Muchas veces las investigaciones son deficientes y no están bien sustentadas. Es por eso que el juez duda en sus determinaciones. Son necesarios los grilletes electrónicos.  El ministro del Interior, Miguel Urresti, ha pedido al Poder Judicial que le permita realizar descerrajes para atrapar a los prófugos de la justicia como Rodolfo Orellana. ¿Qué har al respecto? No se puede pedir un allanamiento sin decir datos exactos como nombres, direcciones ni las fechas de las personas que estarían implicadas. Es inaceptable porque pueden terminar allanando la casa del vecino.  Entonces, ¿cómo ayudarán al ministro? Le pediremos datos exactos de las casas que quiera allanar y la información quedará en vara. Esta propuesta se hará formalmente. Tenemos que respetar las garantías de las personas.  ¿Qué opina de la labor de Urresti y el ataque frontal que lanza a jueces y fiscales? De creo sea necesario, la acción en nuestro país es tan alta que se requiere una actividad intensa en la lucha contra la criminalidad. Veo una nueva actitud de la Policía.  La gente cuestiona que el ministro del Interior se meta en el delincuente de la esquina y no en los cabecillas de las principales organizaciones criminales... No soy experto en operativos policiales. Por eso no puedo decir si debe comenzar por la cabeza o por los pies. Los métodos que él, me imagino, se estarán acordando con sus asesores.  ¿Cuál es el avance de los jueces en el caso Movadef? Ellos continuarán al frente de su cargo en el colegiado F de la Sala Penal Nacional hasta el 31 de agosto.","peru21","21/08/2014"
"Valores agregados","mSitiene la opción de estudiar un diplomado o maestría, hágalo. Esto es muy valorado por los empleadores.  mNo espere que su primer trabajo sea como gerente. Poco a poco irá creciendo dentro de la empresa.  trabajador que sabe escuchar a los demás, ya sea su jefe, clientes o sus compañeros. Tómese su tiempo para comprender lo que plantean, y si tiene alguna duda, haga las preguntas correspondientes.  También se destaca en una compañía a un trabajador que tenga empatía, es decir, que pueda ponerse en lugar del otro en diversas situaciones.  4. Tecnología. Es fundamental que tenga manejo de la computación, aunque sea básico, para que sea valorado en cualquier puesto al que postule. Como algo extra se sugiere que aprenda algunos lenguajes informáticos, sobre todo para la configuración de sistemas.","peru21","21/08/2014"
"Por las redes","mCon la globalización, tiene la opción de encontrar trabajo a través de las redes sociales como Facebook, Twitter o LinkedIn.  mEn ese sentido, tenga cuidado con las cosas que publica o puede perjudicarse.","peru21","21/08/2014"
"Conocimiento","Hay empresas que valoran el conocimiento de temas relacionados con las matemáticas como aritmética, álgebra, cálculo y estadística.","peru21","21/08/2014"
"Ventas","A pesar de que la empresa no se dedique a la comercialización de productos, es necesario que los colaboradores conozcan cómo manejar la imagen empresarial y de qué manera pueden posicionarse en el mercado el servicio que brindan.","peru21","21/08/2014"
"Convencimiento","Los negocios valoran a alguien que sea persuasivo y que tenga la capacidad para comunicar sus ideas.","peru21","21/08/2014"
"Idiomas","Si tiene un buen manejo del inglés es probable que gane más extras al momento de solicitar el ascenso a un puesto superior. ‘’No importa la profesión que tengas o el rubro en el que te desenvuelvas, para tener éxito en tu carrera el manejo de este idioma será esencial’’, resalta Trabajando.com.","peru21","21/08/2014"
"Sobre la entrevista","mRecuerde que solo tiene una oportunidad para causar una buena impresión. Llegue minutos antes a la cita.  mNo acapare la conversación.  mEvite hablar mal de su anterior trabajo o desúsejefes.","peru21","21/08/2014"
"Firma invertirá US$100 millones","La empresa Antonov, a través de su gerente, Carlos Triarte, que representa a Infora Limited, confirmó la instalación de una planta para reparación y mantenimiento de aeronaves en el Perú. Requerirá una suma de más US$100 millones en su primera etapa.","peru21","21/08/2014"
"Aprueban instalación de banda ancha","El Ministerio de Economía aprobó el proceso de promoción de la inversión privada de los proyectos de instalación de banda ancha en los departamentos de Apurímac, Ayacucho, Huancavelica y Pasco. Prolnversión se encargará de todo el proceso.","peru21","21/08/2014"
"Petroper ofrece nuevo embarque","La estatal Petroperú está ofreciendo vender un cargamento de 220 mil barriles de fuel oil número 60 del tipo pesado para entrega en setiembre, según un documento al que tuvo acceso Bloomberg. El cargamento será embarcado entre el 25 y 29 de setiembre en la Refinería de Talara (62 mil bpa).","peru21","21/08/2014"
"BCR, BCP y Moody’s reducen sus estimados","Tras el magro resultado de junio (0.3%), el Banco Central de Reserva (BCR), el Banco de Crédito del Perú (BCP) y la agencia calificadora Moody’s redujeron sus estimados de crecimiento económico para este año e indicaron que ahora el Perú tendrá una expansión de alrededor de 4% y no 5.5%, como pensaban inicialmente.  El ente emisor señaló que la economía cerrará el 2014 con una expansión cercana al 4%, cifra menor al 4.4% estimado en su último reporte. Mientras, el BCP añadió que el PBI se ubicará por debajo de 4% en el 2014 y estará en 5.5% en el 2015. Por su parte, la agencia de calificación crediticia Moody’s aseguró que el Perú ya no se expandirá 5.2%, sino 4.1% este año y de 6.1% a 5.8% el próximo. ‘’Las medidas anunciadas por el gobierno deben apoyar las perspectivas de crecimiento en el corto plazo’’, agregó la agencia.","peru21","21/08/2014"
"Restricción en Ecuador","Perú perdió US$24 millones en ventas. El Ministerio de Comercio Exterior y Turismo (Mincetur) informó que Ecuador debe levantar, en un plazo de 15 días, las restricciones al comercio impuestas desde principios de año. Según la titular del sector, Magali Silva, las medidas adoptadas por Ecuador se reflejaron en la reducción de las exportaciones por hasta US$24.6 millones en lo que va del año.","peru21","21/08/2014"
"Congreso argentino debate polémica medida promovida por el gobierno","Control de precios. El Congreso argentino comenzó a debatir la polémica norma sobre abastecimiento, la cual ha enfrentado a los empresarios con el Gobierno. La Ley de Abastecimiento, promovida por Axel Kicillof, ministro de Economía, busca regular el mercado argentino a través de un control de precios y de abastecimiento de diversos productos.  Esta medida permite al Estado establecer márgenes de utilidad, precios máximos y mínimos, así como disponer la continuidad de la producción en caso de que no se logre abastecer al mercado. Asimismo, los gobernadores también podrán fijar precios dentro de sus territorios.","peru21","21/08/2014"
"Confirman que video de ejecución de periodista James Foley es verdadero","Obama promete ser implacable con el EI. mEx rehenes aseguran que el terrorista que decapitó al reportero sería británico y se hace llamar John.  WASHINGTON (Agencias). Tras condenar la decapitación del periodista estadounidense James Foley por parte de miembros del Estado Islámico (EI), el presidente norteamericano Barack Obama prometió que su país estará ’Vigilante’ y ser ’implacable’ para combatir al grupo extremista que opera en Irak y Siria.  ’La ejecución del periodista golpea la conciencia del mundo en su conjunto’, aseveró, y calificó el hecho de ’cobarde’. ’Todos podemos estar de acuerdo en que un grupo como el EI no tiene lugar en el siglo XXI. Ningún Dios justo estaría a favor de lo que hicieron ayer (martes) y lo que hacen cada día. El Estado Islámico no tiene ideología de valor alguno para los seres humanos’, manifestó. Luego hizo un llamado a las naciones del Cercano Oriente con el objetivo de unirse y ’extirpar este cáncer, para que no se propague’.  Horas antes, la comunidad de inteligencia se analizó el video que muestra la ejecución del reportero y llegó a la conclusión de que la grabación era auténtica. En el video, los extremistas amenazan con matar a otro hombre de prensa estadounidense secuestrado, identificado como Steven Joel Sotloff.  Yihadista británico. El hecho hizo que el ministro británico, David Cameron, interrumpiera sus vacaciones y regresara a Londres. All señaló que es ’crecientemente probable’ que un yihadista británico haya sido responsable de la ejecución de Foley, a la que tildó de ’brutal’. ’Aún no identificamos al individuo responsable, pero por lo que hemos visto parece cada vez más probable que sea un ciudadano británico’, dijo.  ’Todos podemos estar de acuerdo en que un grupo como el EI no  tiene lugar en el siglo XXI.’ Barack Obama Presidente de Estados Unidos  El diario The Guardian revel en su portal de Internet que el terrorista en referencia se hace llamar John’ y formaba parte de un grupo nombrado The Beatles, por su nacionalidad. De acuerdo con este medio, un testigo que alguna vez fue rehén del EI identific al terrorista como uno de los tres británicos que custodian a los secuestrados occidentales en la localidad siria de Raqqa.  Foley, de 40 años, había actuado recientemente como rehén en Siria en noviembre de 2012. Su madre, Diane Foley, señal en un mensaje en Facebook: ’Nunca hemos estado más orgullosos de nuestro hijo Jim. Dio su vida tratando de mostrar al mundo el sufrimiento del pueblo sirio’. Además, pidió a los secuestradores que respeten las vidas del resto de rehenes.","peru21","21/08/2014"
"Planean controlar compras mediante huellas dactilares","VENEZUELA (DPA) El Gobierno venezolano pondrá en marcha un mecanismo para controlar las ventas en los supermercados a través de las huellas dactilares de los compradores. El plan está en manos de la Superintendencia de Precios Justos, cuyo jefe, Andrés Eloy Méndez, dijo que el objetivo del sistema es reducir las reiteradas compras de productos por parte de un mismo usuario, y evitar el contrabando.","peru21","21/08/2014"
"Cuarentena por el ébola causa protesta en Liberia","MONROVIA (EFE) Varias personas resultaron heridas ayer en los enfrentamientos registrados entre la Policía y los residentes de un barrio de Monrovia, luego de que las autoridades pusieran en cuarentena esta área como medida para contener la propagación del ébola. Los residentes lanzaron piedras contra los agentes de seguridad y estos golpearon a los manifestantes.","peru21","21/08/2014"
"Fue arrestado el ex médico que violó 39 pacientes","BRASÍLIA (DPA) La Policía paraguaya arrestó al ex médico Sergio Roger Abdelmassih, condenado a 278 años de prisión por violar a 39 mujeres entre 1995 y 2008. Abdelmassih estaba prófugo desde enero de 2011, cuando la justicia denegó un habeas corpus con el que buscaba evitar su arresto. El ex médico vivía desde hace tres años en una lujosa villa de Asunción.","peru21","21/08/2014"
"Rusia clausura cuatro sucursales de McDonalds","MOSCÚ (REUTERS) Rusia ordenó ayer la clausura de cuatro sucursales de McDonalds en Moscú, una decisión que, según el país, se debió a infracciones sanitarias, pero que se produce en medio de las tensas relaciones con Estados Unidos por el conflicto en Ucrania. Entre los cuatro restaurantes que fueron sancionados está el local que abrió en los últimos días en Moscú y se convirtió en el más frecuentado del mundo.","peru21","21/08/2014"
"Mujer e hija de jefe militar de Hamas mueren en bombardeo","mMinistra israelí justifica ataque y dice que cabecilla de Hamas ’merece morir como Osama (bin Laden)’. GAZA (Agencias).— La suerte que corrió el jefe militar de Hamas, Mohammed Deif, era hasta ayer incierta, tras el ataque aéreo de Israel dirigido a su vivienda —en el que murió su esposa y su hija— algunos voceros aseguraron que muri y otros que sigue con vida.  La emisora estadounidense Fox reportó, citando a fuentes del servicio secreto israelí, que Deif probablemente muri en el ataque. Sin embargo, Abu Obeida, portavoz de Hamas, aseguró que el cabecilla ’no fue herido y que fallaron al apuntarle’. Asimismo, una de las hermanas de Deif y su suegra señalaron que el dirigente estaría con vida.  La ministra israelí de Inteligencia, Tzipi Livni, justificó el intento de asesinato, ’Merece morir como Osama (bin Laden)’, dijo, al tiempo de rechazar que se retome el diálogo con Hamas.","peru21","21/08/2014"
"Garca Sayn (DGS) a la OEA","Garca Sayn (DGS) a la OEA, pues ambos trabajaron juntos en la Comisin Andina de Juristas, donde tambin estuvieron Francisco Eguiguren, Beatriz AFP—SN.MPE Merino y Enrique Bernales, Pero que no nos vendan a DGS como el gran diplomtico (ni siquiera lo es de carrera!), que lleg a canciller con Toledo y a ministro de Justicia con Paniagua solo por amiguismo y caviarismo, pues tampoco es un gran abogado (pregunten en el gremio). Y a la CIDH lleg porque Alan present su candidatura a esa corte por el Per, ya que se la deba, pues fue DGS quien, como ministro de Justicia, le levant la contumacia en febre10 del 2001 para que pueda regresar sin juicios y candidatear para bajar a la entonces puntera Lourdes, y as posibilitar la victoria de Toledo (jel Este detalle de que el idolo caviar DGS ayud a Alan a regresar con prescripcin es convenientemente olvidado por la izquierda. clculo les fall y Alan casi gana!). Y ahora Nadine ha impuesto a DGS mo candidato a la OEA solo por recomendacin de mi amigo Jorge Coco Salazar Cussianovich, su asesor poltico ms cercano y muy vinculado a DGS desde hace muchos aos (Coco, sin picarsel Soy amigo de Platn, pero ms de la verdad, Aristteles), apuntalado por Mirko Lauer. El canciller Gutirrez est pintado en la pared! Este detalle de que el dolo caviar DGS haya ayudado a Alan a regresar con prescripcin sin que responda por muchos casos anteriores (Frontn, BCCI—Mirages, departamento en Pars, etc) es convenientemente vidado por esa misma izquierda caviar que ataca a Alan por corrupcin y genocidial Y el fujimorismo, qu torpe! Debi no ir a la reunin con Ana Jara en protesta por DGS, Pero no sabe hacer poltica...","peru21","21/08/2014"
"Cabecilla de banda es una mujer que se hace pasar por taxista para captar a victimas en IF aF 0 %5 — Les fidieron Ms de 5//2,500 para cobrar seguro","Asaltan a extranjeros en salida de casinos m Delincuentes se apoderan de tarjetas bancarias para luego usarlas en las salas de juegos de azar. Operan comosupuestos taxistas en las afueras de exclusivos casinos y discotecas miraflorinas, Su blanco: ciudadanos extranjeros, a los que dopan para robarles sus tarjetas bancarias y luego usarlas en concurridas salas de juegos de azar, La organizacin criminal es encabezada por una mujer queya ha sidoidentificada por la Polica y que es intensamente buscada. Ella es Zariza Maribel Casas Alczar (46), una delincuente con antecedentes penales que se hace pasar como taxista. Ella opera con la mencionada modalidad desde hace cuatro aos, segn agentes de la comisara de Miraflores. La criminal fue identificada luego de la captura de su cmplice Juan Hugo Ruiz Lau (44). Este cay cuando pagaba en el casino La Hacienda con una tarjeta de debito robada. CMO OPERAN? Los asaltantes utilizan modernos vehculos para ofrecer sus servicios como taxistas. Se estacionan en las afueras de los casinos miraflorinos y esperan a sus eventuales pasajeros, principalmentees extranjeros. En el trayecto utilizan un somnfero para dopar a sus victimas. Posteriormente los despojan de sus tarjetas de credito y de dbito. Con ayuda de equipos fisticados, la mujer y sus cmplices acceden a las claves de las tarjetas, seal uno de los oficiales a cargo del caso. Dijo que se presume que podran tener acceso a macin de los equipos inalmbricos POS, mediante los cuales obtendran las claves, Estamos coordinando con la Divisin de Investigacin de Alta Tecnologa para establecerel procedimiento, Una de las victimas de esta banda fue el argentino Hugo Ramn Saravia (54). El 9 de junio pasado subi a un taxique era conducido por una mujer, Eran las 5:30 a.m. y pidi que lo llevaran a una clinica miraflorina. Cinco horas despus despert en su casa con un fuerte dolor de cabeza. No recordaba nada. Al revisar sus pertenencias se dio con la sorpresa de que le faltaba su tarjeta de credito. Consult con el portero del edificio sobre cmolleg y este le dijo que un polica lo haba trado en un taxi. Al da siguiente, acudi a tramitar el duplicado de su tarjeta. Sin embargo, el empleado del banco le inform que tena un ltimo retiro de 5,100 soles. Cuando se verific dnde se haba efectuado la mencio nada transaccin, se estableci que una parte del dinero fue utilizado en el casino La Hacienda de Miraflores y otra parte se retir de un cajero tomatico instalado en el mismo local.","peru21","21/08/2014"
"Indignante. Se aprovecharon de deudos de destacado politico Henry Pease","La familia del politico y socilogo Henry Pease —allecido el 9 de agosto— denunci que perdi S5/2,592.50 en una estafa por un supuesto trmite que deban realizar en Essalud para cobrar el seguro. A travs de su cuenta de Facebook, Nani Pease seal que al da siguiente del deceso de su padre llam un sujeto que se identific como Martn Salas, supuesto trabajador de Essalud, quien pidi que le devolvieran la llamada. El 18 de agosto se comunicaron con este personaje, quien los deriv a Eladio Benavides Estrada. Este refiri que haba un trmite que se debi realizar a las 72 horas de ocurrido el fallecimiento y que, por tratarse de una persona destacada, intentaran resolverlo. El nico requisito que dan a los deudos era depositar el mencionado monto a la cuenta de Sofa Alejandra Benites Crdenas en el BBVA. Al acercarse al seguro social, se dieron con la sorpresa de que todo fue un engao.","peru21","21/08/2014"
"Galeno, que hoy cumplen 101 das en huelga, no estn de acuerdo con propuesta del sector Salud","Unavez ms, las calles del tro de Lima volvieron a ser escenario de violentos enfrentamientos entre galenos de la Federacin Mdica Peruana (FMP) —que hoy cumplen 101 das en huelga— y un contingente de la Polica Nacional. La primera gresca se desencaden aproximadamente a la una de la tarde en el cruce del jirn Cusco y la avenida Abancay. Los mdicos pretendian llegar al Congreso de la Pblica, donde minutos antes haba hecho su exposicin la primera ministra, Ana Jara. Minutos despus se desencaden otra batalla campal en el cruce del jirn Junin y la avenida Abancay. En este lugar, la Polica tuvo que hacer uso de caballos y de los conocidos pinochitos para dispersar a la turba. Todo este desplazamiento produjo que se cierren los accesos a la Plaza de Armas y al Congreso, lo que origin un gran caos vehicular. Csar Palomino, decan del Colegio Mdico del Per, dijo que la presentacin que ofrecio la ministra de Salud, Midori de Habich, el martes en la Comisin de Salud del mento estuvo llena de inexactitudes. Afirm que se nos ha aumentado 151%, cuando eso no es verdad, recalcul, En tanto, Jess Bonilla, presidente de la FMP, indic que no es cierto que se haya llegado a un consenso en el 90% de los pedidos de los galenos. Se mostr en contra de las propuestas del sector.","peru21","21/08/2014"
"PJ deja en libertad a vicepresidente","Por habeas corpus  Luego que un Juzgado de Investigación Preparatoria de Huaraz declar fundado el habeas corpus presentado contra la detención del vacado vicepresidente regional de Ancash, Florencio Román Alvarado, este fue puesto en libertad ayer tras permanecer recluido desde el martes.","peru21","21/08/2014"
"Capturan a presunta testaferra vinculada a caso La Centralita?","La Policía sigue a la búsqueda de otras 32 personas implicadas dentro de este proceso judicial.  Agentes de la Policía Nacional capturaron ayer a María Elena Burgos Guanilo (50), una de las implicadas en el caso La Centralita de Ancash, para quien el Poder Judicial había ordenado 18 meses de prisión preventiva por el delito de peculado, asociación ilícita para delinquir y lavado de activos en agravio del Estado.  El director de Investigación Criminal de la Policía Nacional, general PNP José Luis Lavalle Santa Cruz, informó que la detención de la requisitoriada se produjo cerca de las 11 de la mañana. Según versiones realizadas por el Ministerio Público, María Elena Burgos Guanilo actuaba como testaferrata de su hermano Jorge Burgos Guanilo, quien se desempeñaba como jefe operativo de prensa del suspendido presidente regional de Ancash, César Álvarez.  De acuerdo a la versión de un testigo clave, los bienes de Jorge Burgos Guzmán eran transferidos a nombre de su hermana y de su esposo.  La Policía trabaja para garantizar la detención de 32 personas con orden de prisión preventiva impuesta en el caso ‘La Centralita’.","peru21","21/08/2014"
"Ante el Congreso","Elecciones  Modifica el artículo 31 de la Constitución para garantizar la idoneidad de los candidatos a las elecciones. No podrán postularlos procesados por terrorismo, narcotráfico y violación. Bancada: Gana Perú  Propone cambiar el artículo 23 de la Ley de Partidos Políticos sobre la postulación de candidatos con impedimentos legales. Bancada: Fuerza Popular  Presupuesto  Establece la obligatoriedad de los titulares de pliegos a sustentar sus respectivos presupuestos ante el Pleno. Bancada: Fuerza Popular  Resolver en tres días  INE dejó al voto recurso de Burgos  Podría ratificar o no la tacha.  Luego de escuchar los alegatos de Carlos Mesa, abogado de Carlos Burgos, el Jurado Nacional de Elecciones (JNE) dejó al voto el recurso de apelación presentado por el actual alcalde de San Juan de Lurigancho para que le permitan postular a la reelección.  El JNE deberá resolver en tres días si ratifica o no la tacha interpuesta contra el gobernador por presuntamente haber mentido en su hoja de vida.","peru21","21/08/2014"
"Camara de Comercio de Lima recomienda eliminar el ITAN, el pago adelantado del IGv, entre otros","Plantean 13 medidas para reactivar el PBI  La economía peruana continúa desacelerándose. En ese sentido, la Cámara de Comercio de Lima (CCL) presentó 13 medidas que permiten que se reactive el crecimiento del Producto Bruto Interno (PBI).  En materia tributaria, por ejemplo, el gremio sugiere que se eliminen el 31 de diciembre de este año los pagos adelantados del IGV. También pide que en esa fecha se derogue el Impuesto Temporal a los Activos Netos (TAN).  El gremio aconseja que se modifique uno de los artículos de la Ley del Impuesto a la Renta para que los gastos cuyos comprobantes de pago reúnan los requisitos mínimos puedan ser deducibles.  Asimismo, plantea que el monto de envíos a través de Exporta Fácil se incremente de US$ 1,000 a US$ 10,000.  Impulso, medidas ayudarán a las pequeñas empresas.  Con la finalidad de impulsar el comercio exterior, la CCL sugiere que aumente la devolución del drawback de 5% a 8%, pero hasta el 31 de diciembre de 2015. Luego la cifra podría ser progresiva, señala el gremio.  También indica que se necesita un nuevo reglamento operativo del Fondo de Respaldo para la Pequeña y Mediana Empresa.  Laboral  Sobre el tema laboral, el gremio considera que se debe mantener, de forma permanente, la exoneración del descuento a las gratificaciones. Del mismo modo, expresa su apoyo a una Ley General de Trabajo flexible, equilibrada y que proponga salarios que sean reflejo o consecuencia de la productividad de los colaboradores de las empresas.","peru21","21/08/2014"
"Para Anahira","Voto de confianza  En el momento de escribir el artículo, la premier Ana Jara asiste con su gabinete al Congreso a solicitar voto de confianza. Se ganó a pulso su nombramiento como premier. Elegida congresista y nombrada ministra, actuó como vocera del gobierno y defendió a la pareja presidencial. Jara realizó una ronda de reuniones con las bancadas previa a la cita congresal para escuchar a la oposición y a sus “aliados”. Se ha ganado este voto de confianza, pero esto no exonera al gabinete de plantear ante el Perú los temas que preocupan: crecimiento, seguridad ciudadana, educación, salud, infraestructura, etc. El actual gabinete es técnicamente de los mejores de este gobierno, pero más allá de las discrepancias, no perder el voto de confianza en estas circunstancias sería malo para el país y políticamente incorrecto no darle la oportunidad de revertir el magro 0.3% de crecimiento de junio.","peru21","21/08/2014"
"Presentan demanda contra MEM","Los pueblos Awajún y Wampis presentaron una acción de amparo contra el Ministerio de Energía y Minas (MEM) y Perupetro por haberse omitido el derecho de consulta previa en la concesión del lote 116. La acción de amparo se presentó ante el Juzgado Especializado en lo Constitucional de Turno de la Corte Superior de Justicia de Lima, explicó Wrays Pérez, representante de la Comisión de los Pueblos Awajún y Wampis (CEPPAW).","peru21","21/08/2014"
"Que perfil buscan las empresas?","Según la OIT, en el mundo hay alrededor de 73 millones de jóvenes que buscarán trabajo. Cada vez son más los jóvenes que salen al mercado laboral, ya que, según la Organización Internacional del Trabajo (OIT), ellos tienen tres veces más probabilidades que los adultos de quedar desempleados.  Al respecto, la revista Forbes y Trabajando.com ofrecen una lista de aspectos que toman en cuenta las empresas antes de contratar a personal joven:  1. Razonamiento. Las compañías quieren a alguien con razonamiento crítico, que pueda identificar las debilidades y las fortalezas de cualquier propuesta que les formulen.  2. Actitudes. Se quiere a una persona que actúe frente a los problemas cuando se presentan y de forma rápida, es decir, que no pierda tiempo divagando.  3. Comprensivo. Un buen trabajador es aquel que sabe escuchar a los demás, ya sea su jefe, clientes o sus compañeros. Tómese su tiempo para comprender lo que plantean, y si tiene alguna duda, haga las preguntas correspondientes.  También se destaca en una compañía a un trabajador que tenga empatía, es decir, que pueda ponerse en lugar del otro en diversas situaciones.  4. Tecnología. Es fundamental que tenga manejo de la computación, aunque sea básico, para que sea valorado en cualquier puesto al que postule. Como algo extra se sugiere que aprenda algunos lenguajes informáticos, sobre todo para la configuración de redes.  5. Conocimiento. Hay empresas que valoran el conocimiento de temas relacionados con las matemáticas como aritmética, álgebra,  Por las redes  Con la globalización, tiene la opción de encontrar trabajo a través de las redes sociales como Facebook, Twitter o LinkedIn.  En ese sentido, guarde cuidado con las fotos que publica o puede perjudicarse.","peru21","21/08/2014"
"George Forsyth asegura que Alianza Lima saldrá a ‘matar’ al Barcelona","GUAYAQUIL.— George Forsyth, arquero de Alianza Lima, aseguró que saldrán a embestir al Barcelona, al que visitarán hoy (5:30 p.m.) en el Monumental Isidro Romero Carbo por la ida de la primera ronda de la Copa Sudamericana. ‘La tenemosa clara, venimos a ‘matar’. Es un encuentro de visita y seguro va a ser duro, pero tenemos suficiente equipo para hacer un buen partido. Para nosotros es una gran motivación jugar ante Barcelona, es un grande de Sudamérica y esperamos que haya un bonito espectáculo’, dijo ‘Ken’. ‘Barcelona es un equipofísico y rápido. Tiene un volante todoterreno como Saritama, que jugó en Alianza’, añadió el golero intimo.","peru21","21/08/2014"
"UTC iguala 0–0 con Deportivo Cali en la ida de la Copa Sudamericana","CAJAMARCA.— Luego de 28 años, UTC volvió a disputar un torneo internacional, aunque su empate 0–0 con Deportivo Cali lo deja con pocas opciones de avanzar a la segunda fase de la Copa Sudamericana. Los cajamarquinos estuvieron cerca del triunfo, pero Gianfranco Labarthe estrelló un remate en el palo a los 82 minutos. La vuelta se disputará el mismo jueves en el estadio Pascual Guerrero de Cali.","peru21","21/08/2014"
"Selección peruana de voley logra sufrida victoria sobre Argentina","La selección peruana de voleibol logró una sufrida victoria 2 sobre Argentina en su debut en el Sudamericano Sub 22 que se disputa en Popayán (Colombia) y que clasificará al campeón al Mundial Sub 23 de 2015. Las chicas se impusieron por 18–25, 25–21, 25–21, 21–25 y 15–10. Hoy (3:00 pm) se medirán ante Brasil.","peru21","21/08/2014"
"Inseguridad ciudadana: Tula Rodríguez presenta reclamo tras asalto a su spa","Tras el violento asalto a su spa en La Victoria, Tula Rodríguez lanzó un reclamo al convertirse en víctima y presentó los videos grabados por las cámaras de seguridad para capturar a los ladrones. Además, la animadora hizo un llamado al ministro del Interior, Daniel Urresti, para que solucione el problema de la inseguridad. ‘No conozco a ningún político, pero confío en que el señor Urresti tome cartas en este asunto y no solo por mí, sino por todos los ciudadanos. Esto es en todos los distritos. Como ciudadana estoy indignada. Las leyes tienen que ser drásticas. No hago política y no me interesa hacerla… Pero acá hasta por un sol te matan’, señaló indignada.","peru21","21/08/2014"
"Película peruana Magallanes competirá en Festival de Cine de San Sebastián","En busca de un triunfo internacional, la película peruana Magallanes, dirigida por Salvador Guadal Solar, competirá en el Festival de Cine de San Sebastián. ‘Estoy muy emocionado y feliz, San Sebastián es uno de los festivales más grandes’, dijo Salvador, que medirá su filme contra cintas de Brasil, México, Argentina y Chile. El largometraje se estrenará en noviembre en el Perú, y cuenta con las actuaciones de Damín Alcázar, Christian Meier, Magaly Solier, entre otros.","peru21","21/08/2014"
"DEL DIRECTOR","Gracias a ustedes  ace 12 aos el Per visto encontraba, por esima vez, enrumbado en un nuevo  ejercicio democrático, Nuestros  os bordeaban, según datos del Banco   Mundial, los US$2, 150 por persona. EE.UU.—y por  tanto el mundo—salía de la recesión de las dotcom, y el Per aún sufria las calamidades que nos aquejaron a finales de los noventa: los desastres naturales de dos fenómenos  de El Niño, la crisis asiática de 1997 y la rusa  de 1993, sumado a la implosión política del 2000, nos pusieron en una difícil—muy  difícil—situación.  Doce años después, si miramos por el  espejo retrovisor, observamos que—con todos  nuestros desaciertos— no lo hemos hecho mal. Nada mal. Hemos recuperado la  confianza en un modelo económico, hemos  reavivado el espíritu democrático, hemos  observado la salida de millones de peruanos  de la pobreza y el desarrollo de una nueva  clase media que se integra a una velocidad  indita en el mercado global.  Hoy, los ingresos por persona bordea 1  los US$7 mil, el triple de lo que percibia en  promedio un peruano hace tan solo 12 años.  La pobreza se ha reducido a menos de la   mitad. Tenemos, qué duda cabe, mucho por  hacer, pero no podemos minimizar nuestros  logros. Y así como no podemos   olvidarlos, tampoco podemos dormirnos en los   laureles de lo conseguido, Necesitamos ser más  audaces, más creativos, más productivos e  inclusivos. El Per necesita de una agenda  más ambiciosa, tanto en lo económico como  en lo político y lo social.  Por ello hoy, en el aniversario de este   periódico, queremos reafirmar el compromiso  de Per21 con los peruanos, brindándoles  información no solo veraz e   independiente, sino además útil y entretenida,  cuando la situación lo amerite.  Hace 12 años que, cada día,   consagramos nuestro trabajo y esfuerzo a cubrir, en  la medida de lo posible, las necesidades de  ustedes, nuestros lectores. Su preferencia es  nuestra mayor motivación para emprender  nuevas ideas, proyectos y productos que,  esperamos, les sirvan a diario. Doce años  después, nuestro compromiso sigue intacto.","peru21","21/08/2014"
"LA PREGUNTA DE HOY","Cree que la posible ausencia de Luis   Castaeda en el debate electoral merme en su   popularidad?","peru21","21/08/2014"
"ABUGATTS DESTACA ENCUESTAS","Ahora sí  El legislador Daniel Abugatts de   mostró que ahora sí cree en las encuestas al   respecto del resultado final del referéndum   constitucional del 19 de setiembre. Ojalá que   siga así cuando las cifras no le gusten.","peru21","21/08/2014"
"MULDER Y EL VOTO DE CONFIANZA","Con bronca  El legislador Mauricio Mulder   explicó su negativa para darle el voto   de confianza a la premier Jara. Cómo le vamos a   dar el voto a un gabinete que se aumenta el   sueldo a 30 mil soles y le niega el   incremento a los médicos, dijo.","peru21","21/08/2014"
"LA PREGUNTA DE AYER","¿Le daría usted el voto de confianza al   actual presidente de la República, Ollanta Humala? ","peru21","21/08/2014"
"EXPULSADO GRANDEZ BL A U.E.","Al parecer  ora otra fecha  Tras el escándalo que protagonizó y la   decisión de su expulsión de la par   tida fujimorista, Víctor Grande no se   presentó en el debate. Su escaño   permaneció vacío. Tras   aseguraron que no volverá a ocuparlo y   tendrá que buscar otro lugar.","peru21","21/08/2014"
"LEGISLADORES SE DESMARCAN","Jos, por si acaso  Cuando intervenía el pepecista Juan Carlos   Eguren preguntando por los prófugos Rodolfo   Orellana, Benedicto Jiménez y Martín   Beaunde, el legislador homónimo de este último   expresó: Jos, por si acaso, para evitar   confusiones.","peru21","21/08/2014"
"GARRIDO EXPRESA RESERVAS ANTE LA CARTOGRAFÍA Y SENADO LA CALIFICA COMO UNA PROVOCACIÓN","Chile rechaza el mapa de frontera  mEn Lima tildan de   desproporcionada la   reacción. Jara dice que   frontera quedó   definitivamente fijada.  Chile rechazó ayer el nuevo   mapa de la frontera marítima   del Per. Primero se   pronunció el canciller chileno,   Heraldo Muñoz, quien expresó sus   reservas frente a la   cartografía, en especial por la   mención al punto Concordia como   el inicio del límite terrestre. Se   sabe que, para Santiago, la   delimitación inicia en el Hito1.  Por la tarde, la reacción del   Senado chileno fue más dura.   Calificó como una   provocación y un hecho grave y de   mala fe la publicación del   mapa peruano.  El senador Hernán Larraín   pidió que se envíe una nota de   protesta y llame a consulta a   su embajador en Lima. Es más,   vinculó la carta marítima a los   problemas internos del Per y   al voto de confianza al   gabinete de Ana Jara.","peru21","21/08/2014"
"APRODEH SOLICITA TESTIMONIO EN PROCESO POR VIOLACIÓN A LOS DERECHOS HUMANOS","Piden que Urresti declare en juicio en Ayacucho  mPrincipal acusado   fue jefe en base de   Castropampa, donde   estuvo el ahora   ministro del Interior.  La Asociación Pro Derechos   Humanos (Aprodeh) pedirá a   la Sala Penal Nacional que el   ministro del Interior, Daniel   Urresti, declare como testigo   en el juicio oral por violación a   los derechos humanos que se   iniciar contra Víctor La Vera   Hernández, ex comandante   jefe del Batallón Contrasubversivo   No 53, Castropampa, Ayacucho.  La Tercera Fiscalía Superior   pidió 25 años de prisión contra   La Vera por detener ilegalmente y   torturar a Sonia Muños, empleada   de la Oficina de Correos de   Churcampa, durante una   intervención antiterrorista el 13   de mayo de 1988 en la provincia   de Huanta.  En Ideeleradio, Jorge   Abregú, abogado de Aprodeh,   señaló que es importante el   testimonio de Urresti, conocido   como Capitán Arturo, porque,   durante esa época, fue oficial   de inteligencia precisamente   en la base de Castropampa.  Según el dictamen fiscal, ocho   militares de la Base de   Castropampa, vestidos con mantas   y sembreros, aparecen forzando   la entrada y llevándose a la   temeraria a la vivienda de   Sonia Muños. Los agentes   golpearon a la mujer, la ataron,   la amordazaron y se la llevaron   por supuestamente haber   entregado correspondencia a los   terroristas. Después la   dieron a la mencionada   instalación militar.  Abregú explicó que, en su   declaración instructiva por el   asesinato del periodista Hugo   Bustios, el ahora ministro del   Interior detalló los nombres   del Estado Mayor de dicha   base, datos que —dijo— no se   conocían en el expediente de   La Vera.  Las operaciones   contrasubversivas, y es importante   ver los manuales, no se   realizaban a ciegas. Es parte de un   gran rompecabezas y para   realizar este operativo no es que   haya un solo militar que es una   suerte de Superman,   puntualizó el abogado.  La Vera fue sentenciado   por la muerte del corresponsal   de la revista Caretas, en 1988.   En este asesinato también ha   sido involucrado el ministro   del Interior y general del   Ejército en retiro.","peru21","21/08/2014"
"LEY BUSCA EVITAR QUE DENUNCIADOS O SENTENCIADOS POR DELITOS POSTULEN","Proponen filtro electoral  Luego de que el secretario de   Transparencia, Gerardo Tovar,   advirtiera que existen 1400   candidatos en las próximas   elecciones del 5 de octubre   que tienen sentencia civil o   penal, el congresista Santiago   Gastaudui presentó un   proyecto que busca cambiar esta   situación.  Según una nota de prensa   de su despacho, el   parlamentario oficialista ha presentado   una iniciativa legislativa para   modificar el artículo 31 de la   Constitución Política del Per   para que se prohíba la   postulación a un cargo público de   denunciados y sentenciados   por diversos ilícitos.  Entre ellos se hallan los   ilícitos de terrorismo,   narcotráfico, violación sexual de   menores de edad, delito contra la   administración pública en la   modalidad de peculado,   concusión o delitos de corrupción   de funcionarios en la   modalidad de enriquecimiento ilícito.  Como se recuerda, el   secretario del Interior, Daniel   Urresti, también reveló que existen   124 narcocandidatos.","peru21","21/08/2014"
"PIURA. EN COLEGIO DEL DISTRITO DE SALITRAL OBLIGARON A ESTUDIANTES A LLEVAR ARMAS PARA DESFILE","Disparo accidental deja herida a escolar Alumna de 12 años recibió impacto de perdigones en el rostro y fue internada de urgencia. Increíble, pero cierto, padres de familia del distrito de Salitral, en la provincia de Morropón, región Piura, obligados por un profesor, entregaron armas de fabricación casera a sus hijos, que son alumnos del colegio José Olaya Balandra, para que participen en el desfile por el aniversario del centro de salud de la localidad. Ahora, una escolar de 12 años tiene heridas en el rostro, provocadas por perdigones, debido a que un disparo se le escapó accidentalmente a su primo en pleno plante! Florentina García ra, abuela de la menor afectada, reveló que un docente del centro educativo, cuya identidad no recordó, les exigió que lleven armas de fuego para el desfile. Y si no lo hacían, verían afectadas sus calificaciones, alumnos que iban a desfilar. Respecto de la salud de la infortunada escolar, médicos del hospital Santa Rosa de Piura informaron que tiene varias heridas en el rostro y que la están tratando con sumo cuidado. El director de Gestión académica de Piura, Néctor Gámez, en tanto, lamentó el hecho involuntario y dijo que la institución prohíbe el uso de objetos que pongan en peligro la integridad de los alumnos. No sé cómo se permitió esta situación, pero todo está en investigación, puntualizó. El caso ya fue puesto en conocimiento del Ministerio público, que inició las investigaciones del caso. Al cierre de esta edición, el director del colegio, Rafael Fernando Feria Rojas, así como el maestro a cargo del desfile, eran buscados.","peru21","21/08/2014"
"SUMO CUIDADO. Alumna afectada por negligencia en su colegio es atendida en nosocomio piuran","NA","peru21","21/08/2014"
"HUNUCO Organizaciones populares, candidatos regionales y municipales, as como habitantes de la ciudad, participaron en una marcha por la paz luego del reciente asesinato del alcalde Marzony Valdez Ramos.","NA","peru21","21/08/2014"
"ANDAHUAYLAS Un incendio forestal afectó cerca de 200 hectáreas de plantaciones de pino y eucalipto en el distrito de San Jerónimo. El siniestro habría sido provocado por personas que prendieron hojas secas en una chacra.","NA","peru21","21/08/2014"
"MADRE DE DIOS Personal de la Policía sospecha que algunos familiares estarían detrás del crimen del empresario Rubén Jess Loayza Sánchez, su esposa y nieta.","NA","peru21","21/08/2014"
"AUMENTAN CASOS DE DENGUE Los casos de dengue en el norte son alarmantes. En Piura, en lo que va del año, se han registrado tres muertes por la enfermedad y 916 personas han sido afectadas por el mal, según el último reporte de la Dirección Regional de Salud. En Tumbes, en tanto, hay 300 casos confirmados y más de 600 personas con síntomas de la enfermedad. El jefe de Epidemiología, Romel Gonzales, indicó que en la última semana hubo 50 nuevos infectados. No hay dinero para afrontar la emergencia, dijo.","nan","peru21","21/08/2014"
"PISCO. Y ROPA USADA Decomisan 2 mil pirotécnicos en camión Más de 200 cajas de productos pirotécnicos, así como prendas de vestir de contrabando, que estaban ocultas en un camión que transportaba soya, fueron incautadas ayer por funcionarios de la Sunat en el Km. 230 de la Carretera Panamericana Sur, cerca de Pisco. La Fiscalía dispuso la detención del chofer del vehículo, mientras se investiga el caso.","nan","peru21","21/08/2014"
"TB MOROCRA ARQUR LOS NIÑOS SE ALIMENTEN DE MANERA SALUDABLE? HE AQUÍ CINCO CONSEJOS AL RESPECTO.","En un programa de televisión donde, del lunes a viernes, debe someterse a exigentes pruebas físicas. ¿Cuán importante es la actividad física en tu vida? Muy importante. Para mí es normal porque hago ejercicio desde pequeña. He bajado de peso y la apariencia también. ¿Qué opinas de la relación entre el peso y la apariencia? Pienso que es muy importante estar sana, más que preocuparte por el aspecto. Yo tengo rollos, celulitis y estoy orgullosa de decirlo. No existe la mujer perfecta, solo en Photoshop. ¿Cómo es tu rutina de ejercicios? Trato de ir al gimnasio cinco días a la semana. Hago pesas y abdominales para tonificar los músculos. También practico entre 30 y 45 minutos de aeróbicos. Durante la semana consumo pollo, verduras, mucha agua. Evito la sal, el azúcar y las gaseosas pero el finde me doy mis gustos. Un día me desperté con un dolor intenso en la parte derecha del abdomen, debajo de las costillas. Me asusté y tuve que ir al doctor, cuenta Antonio (29). El dolor abdominal merece atención. El diagnóstico fue el siguiente: este ya tiene hígado graso, mal producido por la acumulación de grasa en dicho órgano. Según la Sociedad Americana contra el Cáncer, esta molestia no debería ser pasada por alto, sobre todo si está acompañada de pérdida de peso, náuseas, sensación rápida de llenura a la hora de comer, entre otros. Si notas estos síntomas de manera frecuente, acude a un médico.","peru21","21/08/2014"
