"headline";"subheadline";"author";"content";"newspaper_name";"publication_date";"page_number"
"El loco del martillo";"NA";"La Seño María";"Hoy en día, uno pensaría que...";"trome";"2021-03-02";"2"
"Contento por fin de cuarentena";"Habla Trome";"Ismael Lazo, Vecino de San Luis";"Estoy feliz porque...";"trome";"2021-03-02";"2"
"El loco del martillo";"NA";"La Seño María";"Hoy en día, uno pensaría que...  ";"trome";"2021-03-02";"2"
"Contento por fin de cuarentena";"Habla Trome";"Ismael Lazo, Vecino de San Luis";"Estoy feliz porque...";"trome";"2021-03-02";"2"
