"headline";"subheadline";"author";"content";"newspaper_name";"publication_date";"page_number"
"Gritan ‘malditos’ a asesinos de estudiante (25)";"NA";"NA";"En medio de insultos de sus vecinos, Ricardo Bojórquez Álvarez (20) narró con sangre fría cómo mataron y desecuartizaron al estudiante de Economía, Martín Jesús Cacciare Castañeda. En la cocina del departamento donde vivía, en Los Olivos, los moradores gritaban ‘malditos asesinos’ a los presuntos homicidas cuando llegaron e ingresaron a la vivienda ubicada en el jirón Río Chicama 5384. Ante los detectives de Homicidios y un fiscal, Bojórquez Álvarez contó cómo Miguel Saucedo Castañeda (27) acuchilló a su primo Martín Caccire el 19 de febrero pasado. En horas de la noche sacaron el cadáver seccionado en bolsas de rafia y en un auto. La policía presume que los asesinos pretendían quedarse con un dinero del padre de la víctima, a la que secuestraron.";"trome";"2020-03-13";"4"
