
Processing: trome#2021-03-02#02_config0_TesseractOCR_gemma3.json
Metrics:
Accuracy: 0.8888888888888888
Precision: 1.0
Recall: 0.8888888888888888
F1-Score: 0.9411764705882353
